# unix_time, cycles_done, cur_path, paths_total, pending_total, pending_favs, map_size, unique_crashes, unique_hangs, max_depth, execs_per_sec
1613498258, 0, 0, 5, 5, 5, 0.16%, 0, 0, 1, 2500.00
1613498263, 0, 1, 51, 50, 17, 0.21%, 0, 1, 2, 3145.65
1613498268, 0, 46, 59, 43, 3, 0.21%, 0, 2, 3, 3028.17
1613498273, 1, 26, 61, 36, 0, 0.21%, 0, 3, 3, 3200.33
1613498279, 1, 65, 68, 36, 0, 0.21%, 0, 3, 5, 3134.10
1613498284, 1, 70, 80, 47, 1, 0.22%, 0, 3, 6, 3143.70
1613498289, 2, 2, 80, 43, 0, 0.22%, 0, 4, 6, 3175.50
1613498294, 2, 49, 80, 35, 0, 0.22%, 0, 4, 6, 3193.27
1613498299, 2, 72, 84, 35, 0, 0.22%, 0, 4, 7, 3149.50
1613498304, 3, 26, 85, 33, 0, 0.22%, 0, 4, 7, 3144.67
1613498309, 3, 84, 85, 29, 0, 0.22%, 0, 4, 7, 3157.40
1613498314, 4, 43, 89, 28, 0, 0.22%, 0, 4, 7, 3141.35
1613498320, 5, 2, 89, 27, 0, 0.22%, 0, 4, 7, 3182.48
1613498325, 5, 59, 91, 27, 0, 0.22%, 0, 4, 7, 3138.52
1613498330, 5, 80, 92, 24, 0, 0.22%, 0, 4, 7, 3152.19
1613498335, 5, 87, 96, 25, 0, 0.22%, 0, 4, 8, 3120.99
1613498340, 6, 69, 96, 22, 0, 0.22%, 0, 4, 8, 3185.30
1613498345, 6, 91, 97, 20, 0, 0.22%, 0, 4, 8, 3141.68
1613498350, 7, 25, 97, 17, 0, 0.22%, 0, 4, 8, 3146.74
1613498356, 7, 77, 97, 16, 0, 0.22%, 0, 5, 8, 348.47
1613498361, 8, 20, 97, 14, 0, 0.22%, 0, 5, 8, 3107.41
1613498367, 8, 77, 97, 13, 0, 0.22%, 0, 6, 8, 379.11
1613498372, 9, 32, 97, 10, 0, 0.22%, 0, 6, 8, 3131.61
1613498377, 9, 77, 97, 8, 0, 0.22%, 0, 6, 8, 3010.44
1613498382, 9, 96, 98, 9, 0, 0.22%, 0, 6, 9, 3065.79
1613498387, 10, 75, 99, 9, 0, 0.22%, 0, 6, 9, 3078.11
1613498392, 10, 97, 100, 10, 0, 0.22%, 0, 6, 10, 3096.75
1613498397, 11, 24, 100, 8, 0, 0.22%, 0, 6, 10, 3135.06
1613498402, 11, 68, 104, 12, 0, 0.22%, 0, 6, 10, 3071.67
1613498408, 12, 32, 104, 10, 0, 0.22%, 0, 6, 10, 3130.99
1613498413, 12, 80, 104, 10, 0, 0.22%, 0, 6, 10, 3117.69
1613498418, 12, 100, 105, 11, 0, 0.22%, 0, 6, 10, 3077.30
1613498423, 12, 103, 105, 9, 0, 0.22%, 0, 6, 10, 3099.25
1613498428, 13, 50, 105, 8, 0, 0.22%, 0, 6, 10, 3125.05
1613498433, 14, 47, 105, 8, 0, 0.22%, 0, 6, 10, 3139.35
1613498438, 14, 98, 105, 7, 0, 0.22%, 0, 6, 10, 3013.70
1613498443, 15, 72, 105, 5, 0, 0.22%, 0, 6, 10, 3068.72
1613498449, 15, 91, 105, 4, 0, 0.22%, 0, 7, 10, 2977.00
1613498454, 15, 104, 105, 4, 0, 0.22%, 0, 7, 10, 3093.98
1613498459, 16, 72, 105, 3, 0, 0.22%, 0, 7, 10, 3127.56
1613498464, 17, 49, 105, 3, 0, 0.22%, 0, 7, 10, 3075.72
1613498469, 17, 83, 105, 3, 0, 0.22%, 0, 7, 10, 3110.55
1613498474, 17, 102, 105, 3, 0, 0.22%, 0, 7, 10, 3082.49
1613498479, 18, 72, 105, 2, 0, 0.22%, 0, 7, 10, 3093.56
1613498485, 19, 7, 105, 2, 0, 0.22%, 0, 7, 10, 3112.89
1613498490, 19, 77, 105, 2, 0, 0.22%, 0, 7, 10, 3111.63
1613498495, 20, 72, 105, 2, 0, 0.22%, 0, 8, 10, 3157.30
1613498500, 21, 50, 105, 2, 0, 0.22%, 0, 8, 10, 3103.15
1613498505, 22, 20, 105, 2, 0, 0.22%, 0, 8, 10, 3129.34
1613498510, 22, 77, 105, 1, 0, 0.22%, 0, 8, 10, 3073.94
1613498515, 23, 58, 105, 1, 0, 0.22%, 0, 8, 10, 3115.98
1613498520, 24, 25, 105, 0, 0, 0.22%, 0, 8, 10, 3118.88
1613498525, 24, 75, 105, 0, 0, 0.22%, 0, 8, 10, 3047.13
1613498531, 25, 61, 105, 0, 0, 0.22%, 0, 8, 10, 3120.86
1613498536, 26, 58, 105, 0, 0, 0.22%, 0, 8, 10, 3091.61
1613498541, 27, 49, 105, 0, 0, 0.22%, 0, 8, 10, 3089.27
1613498546, 27, 98, 105, 0, 0, 0.22%, 0, 8, 10, 3117.51
1613498551, 28, 72, 105, 0, 0, 0.22%, 0, 8, 10, 3106.28
1613498556, 28, 104, 105, 0, 0, 0.22%, 0, 8, 10, 3122.24
1613498561, 29, 72, 105, 0, 0, 0.22%, 0, 8, 10, 3118.80
1613498566, 30, 38, 105, 0, 0, 0.22%, 0, 8, 10, 3095.04
1613498571, 30, 102, 105, 0, 0, 0.22%, 0, 8, 10, 3083.49
1613498577, 31, 43, 105, 0, 0, 0.22%, 0, 8, 10, 3079.32
1613498582, 32, 3, 105, 0, 0, 0.22%, 0, 8, 10, 3121.43
1613498587, 32, 88, 105, 0, 0, 0.22%, 0, 8, 10, 3100.69
1613498592, 33, 32, 105, 0, 0, 0.22%, 0, 8, 10, 3136.23
1613498597, 33, 99, 105, 0, 0, 0.22%, 0, 8, 10, 3107.55
1613498602, 33, 103, 105, 0, 0, 0.22%, 0, 8, 10, 3151.41
1613498607, 34, 75, 105, 0, 0, 0.22%, 0, 8, 10, 3128.67
1613498612, 35, 70, 105, 0, 0, 0.22%, 0, 8, 10, 3114.25
1613498618, 36, 30, 105, 0, 0, 0.22%, 0, 8, 10, 3122.17
1613498623, 36, 82, 105, 0, 0, 0.22%, 0, 8, 10, 3094.62
1613498628, 37, 72, 105, 0, 0, 0.22%, 0, 8, 10, 3133.12
1613498633, 38, 30, 105, 0, 0, 0.22%, 0, 8, 10, 3127.30
1613498638, 38, 75, 105, 0, 0, 0.22%, 0, 8, 10, 3110.88
1613498643, 39, 38, 105, 0, 0, 0.22%, 0, 8, 10, 3150.01
1613498649, 39, 101, 105, 0, 0, 0.22%, 0, 8, 10, 3131.88
1613498654, 40, 72, 105, 0, 0, 0.22%, 0, 8, 10, 3159.09
1613498659, 41, 31, 105, 0, 0, 0.22%, 0, 8, 10, 3086.63
1613498664, 41, 90, 105, 0, 0, 0.22%, 0, 8, 10, 3039.64
1613498669, 42, 70, 105, 0, 0, 0.22%, 0, 8, 10, 3118.04
1613498674, 43, 14, 105, 0, 0, 0.22%, 0, 8, 10, 3109.71
1613498679, 44, 3, 105, 0, 0, 0.22%, 0, 8, 10, 3112.56
1613498684, 45, 5, 105, 0, 0, 0.22%, 0, 8, 10, 3106.80
1613498689, 45, 76, 105, 0, 0, 0.22%, 0, 8, 10, 3111.15
1613498695, 46, 58, 105, 0, 0, 0.22%, 0, 8, 10, 3133.22
1613498700, 47, 43, 105, 0, 0, 0.22%, 0, 8, 10, 3109.98
1613498705, 48, 32, 105, 0, 0, 0.22%, 0, 8, 10, 3101.21
1613498710, 49, 32, 105, 0, 0, 0.22%, 0, 8, 10, 3114.42
1613498715, 50, 11, 105, 0, 0, 0.22%, 0, 8, 10, 3141.01
1613498720, 50, 77, 105, 0, 0, 0.22%, 0, 8, 10, 3099.16
1613498725, 51, 66, 105, 0, 0, 0.22%, 0, 8, 10, 3125.79
1613498731, 52, 38, 105, 0, 0, 0.22%, 0, 8, 10, 3108.02
1613498736, 53, 31, 105, 0, 0, 0.22%, 0, 8, 10, 3091.27
1613498741, 54, 18, 105, 0, 0, 0.22%, 0, 8, 10, 3054.92
1613498746, 54, 88, 105, 0, 0, 0.22%, 0, 8, 10, 3069.13
1613498751, 55, 75, 105, 0, 0, 0.22%, 0, 8, 10, 3078.83
1613498756, 56, 32, 105, 0, 0, 0.22%, 0, 8, 10, 3097.06
1613498762, 56, 98, 105, 0, 0, 0.22%, 0, 8, 10, 3098.87
1613498767, 57, 75, 105, 0, 0, 0.22%, 0, 8, 10, 3134.01
1613498772, 58, 72, 105, 0, 0, 0.22%, 0, 8, 10, 3106.76
1613498777, 59, 43, 105, 0, 0, 0.22%, 0, 8, 10, 3124.89
1613498782, 59, 99, 105, 0, 0, 0.22%, 0, 8, 10, 3107.23
1613498788, 60, 75, 105, 0, 0, 0.22%, 0, 8, 10, 3144.69
1613498793, 61, 50, 105, 0, 0, 0.22%, 0, 8, 10, 3079.38
1613498798, 62, 43, 105, 0, 0, 0.22%, 0, 8, 10, 3124.72
1613498803, 62, 97, 105, 0, 0, 0.22%, 0, 8, 10, 3123.89
1613498808, 63, 75, 105, 0, 0, 0.22%, 0, 8, 10, 3151.11
1613498813, 64, 32, 105, 0, 0, 0.22%, 0, 8, 10, 3139.23
1613498818, 65, 3, 105, 0, 0, 0.22%, 0, 8, 10, 3095.70
1613498823, 65, 83, 105, 0, 0, 0.22%, 0, 8, 10, 3104.41
1613498829, 66, 47, 105, 0, 0, 0.22%, 0, 8, 10, 3129.08
1613498834, 67, 38, 105, 0, 0, 0.22%, 0, 8, 10, 3157.48
1613498839, 67, 96, 105, 0, 0, 0.22%, 0, 8, 10, 3147.85
1613498844, 68, 72, 105, 0, 0, 0.22%, 0, 8, 10, 3108.22
1613498849, 69, 66, 105, 0, 0, 0.22%, 0, 8, 10, 3104.68
1613498854, 70, 32, 105, 0, 0, 0.22%, 0, 8, 10, 3096.88
1613498859, 71, 30, 105, 0, 0, 0.22%, 0, 8, 10, 3131.40
1613498865, 72, 20, 105, 0, 0, 0.22%, 0, 8, 10, 3082.45
1613498870, 73, 2, 105, 0, 0, 0.22%, 0, 8, 10, 3096.59
1613498875, 73, 72, 108, 3, 0, 0.22%, 0, 8, 10, 3114.02
1613498880, 73, 105, 112, 7, 0, 0.22%, 0, 8, 10, 3035.67
1613498885, 73, 112, 113, 6, 0, 0.22%, 0, 8, 10, 2764.87
1613498890, 73, 112, 115, 8, 0, 0.22%, 0, 8, 10, 2507.94
1613498895, 74, 75, 116, 8, 0, 0.22%, 0, 8, 10, 2966.66
1613498900, 74, 114, 120, 11, 0, 0.22%, 0, 8, 10, 2517.46
1613498906, 74, 118, 120, 9, 0, 0.22%, 0, 8, 10, 2176.45
1613498911, 75, 47, 120, 8, 0, 0.22%, 0, 8, 10, 2754.32
1613498916, 75, 118, 120, 8, 0, 0.22%, 0, 8, 10, 2743.51
1613498921, 76, 43, 121, 9, 0, 0.22%, 0, 8, 10, 2947.46
1613498926, 76, 106, 122, 10, 0, 0.22%, 0, 8, 10, 2974.38
1613498931, 76, 112, 122, 9, 0, 0.22%, 0, 8, 10, 2562.51
1613498936, 77, 75, 123, 10, 0, 0.22%, 0, 8, 10, 2940.44
1613498941, 77, 122, 123, 8, 0, 0.22%, 0, 8, 10, 2939.13
1613498946, 78, 49, 123, 7, 0, 0.22%, 0, 8, 10, 2985.47
1613498951, 78, 109, 123, 7, 0, 0.22%, 0, 8, 10, 2998.83
1613498956, 79, 3, 123, 5, 0, 0.22%, 0, 8, 10, 2940.19
1613498961, 79, 77, 123, 5, 0, 0.22%, 0, 8, 10, 3000.11
1613498967, 80, 73, 124, 6, 0, 0.22%, 0, 8, 10, 3041.66
1613498972, 80, 121, 124, 6, 0, 0.22%, 0, 8, 10, 2915.29
1613498977, 81, 58, 124, 5, 0, 0.22%, 0, 8, 10, 2988.59
1613498982, 81, 113, 124, 5, 0, 0.22%, 0, 8, 10, 2820.69
1613498987, 81, 117, 124, 4, 0, 0.22%, 0, 8, 10, 2284.95
1613498992, 82, 49, 124, 2, 0, 0.22%, 0, 8, 10, 2821.33
1613498997, 82, 114, 124, 2, 0, 0.22%, 0, 8, 10, 2772.20
1613499002, 83, 2, 124, 1, 0, 0.22%, 0, 8, 10, 2650.12
1613499007, 83, 77, 124, 1, 0, 0.22%, 0, 8, 10, 2955.75
1613499012, 84, 31, 125, 1, 0, 0.22%, 0, 8, 10, 2993.51
1613499017, 84, 124, 125, 1, 0, 0.22%, 0, 8, 10, 2975.22
1613499022, 85, 49, 125, 0, 0, 0.22%, 0, 8, 10, 2950.97
1613499028, 86, 38, 125, 0, 0, 0.22%, 0, 8, 10, 3017.60
1613499033, 86, 124, 125, 0, 0, 0.22%, 0, 8, 10, 2892.53
1613499038, 87, 75, 125, 0, 0, 0.22%, 0, 8, 10, 3065.95
1613499043, 88, 50, 125, 0, 0, 0.22%, 0, 8, 10, 3067.06
1613499048, 89, 4, 125, 0, 0, 0.22%, 0, 8, 10, 3044.11
1613499053, 89, 75, 125, 0, 0, 0.22%, 0, 8, 10, 3074.97
1613499059, 90, 68, 125, 0, 0, 0.22%, 0, 8, 10, 3033.82
1613499064, 91, 12, 125, 0, 0, 0.22%, 0, 8, 10, 2935.03
1613499069, 91, 92, 125, 0, 0, 0.22%, 0, 8, 10, 3031.25
1613499074, 92, 36, 125, 0, 0, 0.22%, 0, 8, 10, 2976.80
1613499079, 93, 2, 125, 0, 0, 0.22%, 0, 8, 10, 2998.40
1613499084, 93, 75, 125, 0, 0, 0.22%, 0, 8, 10, 3055.19
1613499089, 94, 47, 125, 0, 0, 0.22%, 0, 8, 10, 3045.70
1613499094, 95, 38, 125, 0, 0, 0.22%, 0, 8, 10, 3091.57
1613499100, 95, 101, 125, 0, 0, 0.22%, 0, 8, 10, 3122.90
1613499105, 96, 67, 125, 0, 0, 0.22%, 0, 8, 10, 3102.32
1613499110, 97, 32, 125, 0, 0, 0.22%, 0, 8, 10, 3076.17
1613499115, 97, 110, 125, 0, 0, 0.22%, 0, 8, 10, 3046.44
1613499120, 98, 72, 125, 0, 0, 0.22%, 0, 8, 10, 3212.42
1613499125, 99, 65, 125, 0, 0, 0.22%, 0, 8, 10, 3130.17
1613499130, 100, 30, 125, 0, 0, 0.22%, 0, 8, 10, 3123.55
1613499135, 101, 3, 125, 0, 0, 0.22%, 0, 8, 10, 3210.93
1613499140, 101, 80, 125, 0, 0, 0.22%, 0, 8, 10, 3185.00
1613499145, 102, 25, 125, 0, 0, 0.22%, 0, 8, 10, 3190.91
1613499151, 102, 99, 125, 0, 0, 0.22%, 0, 8, 10, 3177.11
1613499156, 103, 72, 125, 0, 0, 0.22%, 0, 8, 10, 3232.03
1613499161, 103, 112, 125, 0, 0, 0.22%, 0, 8, 10, 2556.11
1613499166, 104, 58, 125, 0, 0, 0.22%, 0, 8, 10, 3088.07
1613499171, 104, 114, 125, 0, 0, 0.22%, 0, 8, 10, 2960.84
1613499176, 105, 72, 125, 0, 0, 0.22%, 0, 8, 10, 3165.13
1613499181, 106, 12, 125, 0, 0, 0.22%, 0, 8, 10, 3070.73
1613499186, 106, 97, 125, 0, 0, 0.22%, 0, 8, 10, 3175.19
1613499191, 107, 32, 125, 0, 0, 0.22%, 0, 8, 10, 3137.51
1613499196, 107, 92, 125, 0, 0, 0.22%, 0, 8, 10, 3175.74
1613499202, 108, 75, 125, 0, 0, 0.22%, 0, 8, 10, 3207.43
1613499207, 109, 49, 125, 0, 0, 0.22%, 0, 8, 10, 3167.57
1613499212, 109, 97, 125, 0, 0, 0.22%, 0, 8, 10, 3206.16
1613499217, 110, 25, 125, 0, 0, 0.22%, 0, 8, 10, 3010.99
1613499222, 110, 104, 125, 0, 0, 0.22%, 0, 8, 10, 3140.74
1613499227, 111, 75, 127, 2, 0, 0.22%, 0, 8, 10, 3127.29
1613499233, 112, 12, 127, 1, 0, 0.22%, 0, 8, 10, 2726.97
1613499238, 112, 75, 127, 1, 0, 0.22%, 0, 8, 10, 3080.48
1613499243, 113, 30, 127, 1, 0, 0.22%, 0, 8, 10, 2800.80
1613499248, 113, 89, 127, 1, 0, 0.22%, 0, 8, 10, 3265.00
1613499253, 114, 43, 127, 1, 0, 0.22%, 0, 8, 10, 3075.66
1613499258, 114, 92, 127, 1, 0, 0.22%, 0, 8, 10, 3182.16
1613499263, 115, 50, 127, 1, 0, 0.22%, 0, 8, 10, 3200.23
1613499268, 116, 38, 127, 1, 0, 0.22%, 0, 8, 10, 3130.37
1613499273, 117, 3, 127, 1, 0, 0.22%, 0, 8, 10, 3178.77
1613499278, 117, 77, 127, 1, 0, 0.22%, 0, 8, 10, 3155.88
1613499283, 118, 27, 127, 1, 0, 0.22%, 0, 8, 10, 3006.02
1613499289, 118, 109, 127, 1, 0, 0.22%, 0, 8, 10, 3098.41
1613499294, 119, 49, 127, 0, 0, 0.22%, 0, 8, 10, 2969.55
1613499299, 119, 114, 127, 0, 0, 0.22%, 0, 8, 10, 2896.71
1613499304, 120, 72, 127, 0, 0, 0.22%, 0, 8, 10, 3139.62
1613499309, 121, 32, 127, 0, 0, 0.22%, 0, 8, 10, 3041.32
1613499314, 121, 119, 127, 0, 0, 0.22%, 0, 8, 10, 2953.29
1613499319, 122, 43, 127, 0, 0, 0.22%, 0, 8, 10, 3097.54
1613499324, 122, 124, 127, 0, 0, 0.22%, 0, 8, 10, 2916.41
1613499330, 123, 72, 127, 0, 0, 0.22%, 0, 8, 10, 3129.74
1613499335, 124, 8, 127, 0, 0, 0.22%, 0, 8, 10, 3111.74
1613499340, 124, 75, 127, 0, 0, 0.22%, 0, 8, 10, 3129.93
1613499345, 125, 38, 127, 0, 0, 0.22%, 0, 8, 10, 3046.45
1613499350, 126, 10, 127, 0, 0, 0.22%, 0, 8, 10, 3123.43
1613499355, 126, 75, 127, 0, 0, 0.22%, 0, 8, 10, 3188.18
1613499360, 126, 113, 127, 0, 0, 0.22%, 0, 8, 10, 2551.46
1613499366, 127, 41, 127, 0, 0, 0.22%, 0, 8, 10, 2908.36
1613499371, 128, 2, 127, 0, 0, 0.22%, 0, 8, 10, 3069.77
1613499376, 128, 75, 127, 0, 0, 0.22%, 0, 8, 10, 3167.42
1613499381, 129, 21, 127, 0, 0, 0.22%, 0, 8, 10, 2876.20
1613499386, 129, 82, 127, 0, 0, 0.22%, 0, 8, 10, 3003.44
1613499391, 130, 56, 127, 0, 0, 0.22%, 0, 8, 10, 3131.80
1613499396, 131, 33, 127, 0, 0, 0.22%, 0, 8, 10, 3207.06
1613499402, 131, 106, 127, 0, 0, 0.22%, 0, 8, 10, 3178.40
1613499407, 132, 45, 127, 0, 0, 0.22%, 0, 8, 10, 3068.76
1613499412, 132, 114, 127, 0, 0, 0.22%, 0, 8, 10, 2970.66
1613499417, 133, 66, 127, 0, 0, 0.22%, 0, 8, 10, 3110.22
1613499422, 134, 31, 127, 0, 0, 0.22%, 0, 8, 10, 3105.91
1613499427, 134, 106, 127, 0, 0, 0.22%, 0, 8, 10, 3127.15
1613499433, 135, 72, 127, 0, 0, 0.22%, 0, 8, 10, 3134.04
1613499438, 135, 117, 127, 0, 0, 0.22%, 0, 8, 10, 2853.19
1613499443, 136, 48, 127, 0, 0, 0.22%, 0, 8, 10, 3121.49
1613499448, 136, 126, 127, 0, 0, 0.22%, 0, 8, 10, 2990.19
1613499453, 137, 58, 127, 0, 0, 0.22%, 0, 8, 10, 3135.51
1613499458, 137, 115, 127, 0, 0, 0.22%, 0, 8, 10, 3106.57
1613499463, 138, 58, 127, 0, 0, 0.22%, 0, 8, 10, 3136.57
1613499469, 139, 2, 127, 0, 0, 0.22%, 0, 8, 10, 2752.28
1613499474, 139, 72, 127, 0, 0, 0.22%, 0, 8, 10, 3134.88
1613499479, 140, 31, 127, 0, 0, 0.22%, 0, 8, 10, 3052.77
1613499484, 140, 111, 127, 0, 0, 0.22%, 0, 8, 10, 3108.35
1613499489, 141, 72, 127, 0, 0, 0.22%, 0, 8, 10, 3193.36
1613499494, 142, 43, 127, 0, 0, 0.22%, 0, 8, 10, 3164.06
1613499499, 142, 112, 127, 0, 0, 0.22%, 0, 8, 10, 2880.72
1613499504, 143, 43, 127, 0, 0, 0.22%, 0, 8, 10, 3041.23
1613499509, 143, 83, 127, 0, 0, 0.22%, 0, 8, 10, 3038.04
1613499514, 144, 31, 127, 0, 0, 0.22%, 0, 8, 10, 3076.46
1613499520, 144, 99, 127, 0, 0, 0.22%, 0, 8, 10, 3155.06
1613499525, 145, 32, 127, 0, 0, 0.22%, 0, 8, 10, 3087.03
1613499530, 145, 99, 127, 0, 0, 0.22%, 0, 8, 10, 3172.38
1613499535, 146, 12, 127, 0, 0, 0.22%, 0, 8, 10, 3079.64
1613499540, 146, 108, 127, 0, 0, 0.22%, 0, 8, 10, 3050.19
1613499545, 147, 45, 127, 0, 0, 0.22%, 0, 8, 10, 3169.56
1613499551, 147, 108, 127, 0, 0, 0.22%, 0, 8, 10, 3082.85
1613499556, 148, 50, 127, 0, 0, 0.22%, 0, 8, 10, 3198.87
1613499561, 149, 11, 127, 0, 0, 0.22%, 0, 8, 10, 3152.05
1613499566, 149, 77, 127, 0, 0, 0.22%, 0, 8, 10, 3180.59
1613499571, 149, 118, 127, 0, 0, 0.22%, 0, 8, 10, 2702.18
1613499576, 150, 61, 127, 0, 0, 0.22%, 0, 8, 10, 3029.57
1613499581, 150, 106, 127, 0, 0, 0.22%, 0, 8, 10, 3157.03
1613499586, 151, 75, 127, 0, 0, 0.22%, 0, 8, 10, 3159.88
1613499591, 151, 125, 127, 0, 0, 0.22%, 0, 8, 10, 2877.79
1613499597, 152, 56, 127, 0, 0, 0.22%, 0, 8, 10, 3078.66
1613499602, 153, 20, 127, 0, 0, 0.22%, 0, 8, 10, 3192.42
1613499607, 153, 77, 127, 0, 0, 0.22%, 0, 8, 10, 3201.78
1613499612, 154, 47, 127, 0, 0, 0.22%, 0, 8, 10, 3187.32
1613499617, 154, 120, 127, 0, 0, 0.22%, 0, 8, 10, 3169.87
1613499622, 155, 75, 127, 0, 0, 0.22%, 0, 8, 10, 3180.57
1613499627, 156, 49, 127, 0, 0, 0.22%, 0, 8, 10, 3150.54
1613499633, 156, 102, 127, 0, 0, 0.22%, 0, 8, 10, 3195.52
1613499638, 157, 11, 127, 0, 0, 0.22%, 0, 8, 10, 2843.08
1613499643, 157, 75, 127, 0, 0, 0.22%, 0, 8, 10, 3109.98
1613499648, 158, 2, 127, 0, 0, 0.22%, 0, 8, 10, 2705.29
1613499653, 158, 77, 127, 0, 0, 0.22%, 0, 8, 10, 3111.98
1613499658, 158, 126, 127, 0, 0, 0.22%, 0, 8, 10, 2830.52
1613499663, 159, 68, 127, 0, 0, 0.22%, 0, 8, 10, 3099.27
1613499668, 159, 114, 127, 0, 0, 0.22%, 0, 8, 10, 3046.58
1613499674, 160, 75, 127, 0, 0, 0.22%, 0, 8, 10, 3200.70
1613499679, 161, 72, 127, 0, 0, 0.22%, 0, 8, 10, 3205.80
1613499684, 162, 43, 127, 0, 0, 0.22%, 0, 8, 10, 3118.62
1613499689, 163, 38, 127, 0, 0, 0.22%, 0, 8, 10, 3087.35
1613499694, 164, 12, 127, 0, 0, 0.22%, 0, 8, 10, 3149.50
1613499699, 164, 75, 127, 0, 0, 0.22%, 0, 8, 10, 3200.43
1613499704, 165, 31, 127, 0, 0, 0.22%, 0, 8, 10, 3032.35
1613499709, 165, 110, 127, 0, 0, 0.22%, 0, 8, 10, 3053.69
1613499715, 166, 75, 127, 0, 0, 0.22%, 0, 8, 10, 3158.65
1613499720, 167, 31, 127, 0, 0, 0.22%, 0, 8, 10, 3185.94
1613499725, 167, 123, 127, 0, 0, 0.22%, 0, 8, 10, 2982.57
1613499730, 168, 58, 127, 0, 0, 0.22%, 0, 8, 10, 3031.46
1613499735, 169, 12, 127, 0, 0, 0.22%, 0, 8, 10, 2912.58
1613499740, 169, 73, 127, 0, 0, 0.22%, 0, 8, 10, 3169.92
1613499745, 169, 115, 127, 0, 0, 0.22%, 0, 8, 10, 2986.12
1613499750, 170, 72, 127, 0, 0, 0.22%, 0, 8, 10, 3140.73
1613499755, 170, 116, 127, 0, 0, 0.22%, 0, 8, 10, 2693.73
1613499760, 171, 72, 127, 0, 0, 0.22%, 0, 8, 10, 3091.95
1613499765, 172, 31, 127, 0, 0, 0.22%, 0, 8, 10, 3166.87
1613499771, 172, 101, 127, 0, 0, 0.22%, 0, 8, 10, 3188.62
1613499776, 173, 72, 127, 0, 0, 0.22%, 0, 8, 10, 3143.67
1613499781, 173, 119, 127, 0, 0, 0.22%, 0, 8, 10, 2945.62
1613499786, 174, 77, 127, 0, 0, 0.22%, 0, 8, 10, 3146.12
1613499791, 175, 75, 127, 0, 0, 0.22%, 0, 8, 10, 3188.30
1613499796, 176, 19, 127, 0, 0, 0.22%, 0, 8, 10, 3203.40
1613499801, 177, 1, 127, 0, 0, 0.22%, 0, 8, 10, 3203.20
1613499807, 177, 75, 127, 0, 0, 0.22%, 0, 8, 10, 3176.24
1613499812, 177, 112, 127, 0, 0, 0.22%, 0, 8, 10, 2788.33
1613499817, 178, 24, 127, 0, 0, 0.22%, 0, 8, 10, 2927.27
1613499822, 178, 102, 127, 0, 0, 0.22%, 0, 8, 10, 3126.03
1613499827, 178, 124, 127, 0, 0, 0.22%, 0, 8, 10, 2812.18
1613499832, 179, 68, 127, 0, 0, 0.22%, 0, 8, 10, 3127.22
1613499837, 179, 113, 127, 0, 0, 0.22%, 0, 8, 10, 2842.14
1613499842, 180, 30, 127, 0, 0, 0.22%, 0, 8, 10, 2788.52
1613499847, 181, 30, 127, 0, 0, 0.22%, 0, 8, 10, 3073.94
1613499852, 182, 3, 127, 0, 0, 0.22%, 0, 8, 10, 3123.63
1613499858, 182, 106, 127, 0, 0, 0.22%, 0, 8, 10, 3101.15
1613499863, 183, 58, 127, 0, 0, 0.22%, 0, 8, 10, 3092.26
1613499868, 184, 2, 127, 0, 0, 0.22%, 0, 8, 10, 3002.78
1613499873, 184, 80, 127, 0, 0, 0.22%, 0, 8, 10, 3114.89
1613499878, 185, 30, 127, 0, 0, 0.22%, 0, 8, 10, 3121.88
1613499883, 185, 119, 127, 0, 0, 0.22%, 0, 8, 10, 2928.27
1613499888, 186, 58, 127, 0, 0, 0.22%, 0, 8, 10, 3072.46
1613499894, 187, 32, 127, 0, 0, 0.22%, 0, 8, 10, 3188.38
1613499899, 187, 123, 127, 0, 0, 0.22%, 0, 8, 10, 3048.26
1613499904, 188, 72, 127, 0, 0, 0.22%, 0, 8, 10, 3149.55
1613499909, 188, 125, 127, 0, 0, 0.22%, 0, 8, 10, 2842.78
1613499914, 189, 72, 127, 0, 0, 0.22%, 0, 8, 10, 3044.88
1613499919, 189, 118, 127, 0, 0, 0.22%, 0, 8, 10, 2670.32
1613499924, 190, 58, 127, 0, 0, 0.22%, 0, 8, 10, 3022.02
1613499929, 190, 115, 127, 0, 0, 0.22%, 0, 8, 10, 3065.31
1613499934, 190, 125, 127, 0, 0, 0.22%, 0, 8, 10, 2803.18
1613499940, 191, 52, 127, 0, 0, 0.22%, 0, 8, 10, 2996.70
1613499945, 192, 2, 127, 0, 0, 0.22%, 0, 8, 10, 3081.08
1613499950, 192, 75, 127, 0, 0, 0.22%, 0, 8, 10, 3180.49
1613499955, 193, 72, 127, 0, 0, 0.22%, 0, 8, 10, 3194.27
1613499960, 194, 2, 127, 0, 0, 0.22%, 0, 8, 10, 2922.99
1613499965, 194, 77, 127, 0, 0, 0.22%, 0, 8, 10, 3155.09
1613499970, 195, 32, 127, 0, 0, 0.22%, 0, 8, 10, 3125.16
1613499976, 195, 121, 127, 0, 0, 0.22%, 0, 8, 10, 3092.90
1613499981, 196, 64, 127, 0, 0, 0.22%, 0, 8, 10, 3169.35
1613499986, 196, 122, 127, 0, 0, 0.22%, 0, 8, 10, 3095.97
1613499991, 197, 53, 127, 0, 0, 0.22%, 0, 8, 10, 3143.78
1613499996, 197, 116, 127, 0, 0, 0.22%, 0, 8, 10, 3023.90
1613500001, 198, 2, 127, 0, 0, 0.22%, 0, 8, 10, 2747.81
1613500006, 198, 75, 127, 0, 0, 0.22%, 0, 8, 10, 3108.75
1613500011, 199, 50, 127, 0, 0, 0.22%, 0, 8, 10, 3158.25
1613500016, 199, 112, 127, 0, 0, 0.22%, 0, 8, 10, 2731.09
1613500022, 200, 36, 127, 0, 0, 0.22%, 0, 8, 10, 2949.07
1613500027, 200, 105, 127, 0, 0, 0.22%, 0, 8, 10, 3146.26
1613500032, 201, 75, 127, 0, 0, 0.22%, 0, 8, 10, 3174.16
1613500037, 201, 112, 127, 0, 0, 0.22%, 0, 8, 10, 2762.43
1613500042, 202, 66, 127, 0, 0, 0.22%, 0, 8, 10, 3122.42
1613500047, 202, 108, 127, 0, 0, 0.22%, 0, 8, 10, 3157.43
1613500052, 203, 63, 127, 0, 0, 0.22%, 0, 8, 10, 3171.18
1613500057, 204, 38, 127, 0, 0, 0.22%, 0, 8, 10, 3202.49
1613500063, 205, 30, 127, 0, 0, 0.22%, 0, 8, 10, 3185.30
1613500068, 205, 104, 127, 0, 0, 0.22%, 0, 8, 10, 3186.37
1613500073, 206, 66, 127, 0, 0, 0.22%, 0, 8, 10, 3173.92
1613500078, 207, 31, 127, 0, 0, 0.22%, 0, 8, 10, 3154.90
1613500083, 208, 3, 127, 0, 0, 0.22%, 0, 8, 10, 3205.26
1613500088, 208, 81, 127, 0, 0, 0.22%, 0, 8, 10, 3179.31
1613500093, 209, 61, 127, 0, 0, 0.22%, 0, 8, 10, 3166.54
1613500099, 210, 49, 127, 0, 0, 0.22%, 0, 8, 10, 3177.24
1613500104, 211, 11, 127, 0, 0, 0.22%, 0, 8, 10, 3177.64
1613500109, 211, 81, 127, 0, 0, 0.22%, 0, 8, 10, 3205.79
1613500114, 212, 75, 127, 0, 0, 0.22%, 0, 8, 10, 3197.04
1613500119, 213, 38, 127, 0, 0, 0.22%, 0, 8, 10, 3159.27
1613500124, 214, 25, 127, 0, 0, 0.22%, 0, 8, 10, 3162.87
1613500129, 214, 106, 127, 0, 0, 0.22%, 0, 8, 10, 3123.87
1613500134, 215, 20, 127, 0, 0, 0.22%, 0, 8, 10, 2973.14
1613500140, 215, 102, 127, 0, 0, 0.22%, 0, 8, 10, 3153.47
1613500145, 216, 75, 127, 0, 0, 0.22%, 0, 8, 10, 3222.30
1613500150, 217, 58, 127, 0, 0, 0.22%, 0, 8, 10, 3208.92
1613500155, 218, 47, 127, 0, 0, 0.22%, 0, 8, 10, 3160.76
1613500160, 219, 32, 127, 0, 0, 0.22%, 0, 8, 10, 3065.50
1613500165, 220, 30, 127, 0, 0, 0.22%, 0, 8, 10, 3121.04
1613500171, 220, 112, 127, 0, 0, 0.22%, 0, 8, 10, 2868.19
1613500176, 221, 49, 127, 0, 0, 0.22%, 0, 8, 10, 3015.78
1613500181, 221, 112, 127, 0, 0, 0.22%, 0, 8, 10, 2785.64
1613500186, 222, 72, 127, 0, 0, 0.22%, 0, 8, 10, 3114.72
1613500191, 223, 58, 127, 0, 0, 0.22%, 0, 8, 10, 3179.63
1613500196, 224, 3, 127, 0, 0, 0.22%, 0, 8, 10, 3129.14
1613500201, 224, 126, 127, 0, 0, 0.22%, 0, 8, 10, 2978.57
1613500206, 225, 72, 127, 0, 0, 0.22%, 0, 8, 10, 3216.62
1613500211, 226, 11, 127, 0, 0, 0.22%, 0, 8, 10, 3105.74
1613500217, 226, 75, 127, 0, 0, 0.22%, 0, 8, 10, 3180.69
1613500222, 226, 121, 127, 0, 0, 0.22%, 0, 8, 10, 2972.48
1613500227, 227, 32, 127, 0, 0, 0.22%, 0, 8, 10, 3061.85
1613500232, 227, 91, 127, 0, 0, 0.22%, 0, 8, 10, 3101.06
1613500237, 227, 116, 127, 0, 0, 0.22%, 0, 8, 10, 2792.27
1613500242, 228, 49, 127, 0, 0, 0.22%, 0, 8, 10, 3046.70
1613500247, 229, 2, 127, 0, 0, 0.22%, 0, 8, 10, 3134.52
1613500253, 229, 75, 127, 0, 0, 0.22%, 0, 8, 10, 3186.69
1613500258, 230, 30, 127, 0, 0, 0.22%, 0, 8, 10, 3148.52
1613500263, 230, 88, 127, 0, 0, 0.22%, 0, 8, 10, 3110.66
1613500268, 231, 47, 127, 0, 0, 0.22%, 0, 8, 10, 3126.45
1613500273, 232, 38, 127, 0, 0, 0.22%, 0, 8, 10, 3192.55
1613500278, 232, 109, 127, 0, 0, 0.22%, 0, 8, 10, 3071.23
1613500283, 233, 72, 127, 0, 0, 0.22%, 0, 8, 10, 3205.29
1613500288, 234, 43, 127, 0, 0, 0.22%, 0, 8, 10, 3115.49
1613500293, 235, 15, 127, 0, 0, 0.22%, 0, 8, 10, 3074.38
1613500299, 235, 76, 127, 0, 0, 0.22%, 0, 8, 10, 3155.12
1613500304, 235, 119, 127, 0, 0, 0.22%, 0, 8, 10, 2843.06
1613500309, 236, 72, 127, 0, 0, 0.22%, 0, 8, 10, 3117.01
1613500314, 236, 121, 127, 0, 0, 0.22%, 0, 8, 10, 2856.92
1613500319, 237, 50, 127, 0, 0, 0.22%, 0, 8, 10, 3142.60
1613500324, 238, 24, 127, 0, 0, 0.22%, 0, 8, 10, 3078.78
1613500329, 238, 119, 127, 0, 0, 0.22%, 0, 8, 10, 2942.00
1613500335, 239, 58, 127, 0, 0, 0.22%, 0, 8, 10, 3078.80
1613500340, 239, 117, 127, 0, 0, 0.22%, 0, 8, 10, 2837.24
1613500345, 240, 38, 127, 0, 0, 0.22%, 0, 8, 10, 3005.02
1613500350, 241, 15, 127, 0, 0, 0.22%, 0, 8, 10, 3094.03
1613500355, 241, 77, 127, 0, 0, 0.22%, 0, 8, 10, 2937.49
1613500360, 242, 31, 127, 0, 0, 0.22%, 0, 8, 10, 2948.34
1613500365, 242, 78, 127, 0, 0, 0.22%, 0, 8, 10, 3017.52
1613500371, 243, 3, 127, 0, 0, 0.22%, 0, 8, 10, 2722.08
1613500376, 243, 75, 127, 0, 0, 0.22%, 0, 8, 10, 3031.37
1613500381, 244, 59, 127, 0, 0, 0.22%, 0, 8, 10, 3025.16
1613500386, 244, 125, 127, 0, 0, 0.22%, 0, 8, 10, 2862.71
1613500391, 245, 72, 127, 0, 0, 0.22%, 0, 8, 10, 2993.41
1613500396, 246, 31, 127, 0, 0, 0.22%, 0, 8, 10, 2917.26
1613500401, 247, 3, 127, 0, 0, 0.22%, 0, 8, 10, 2958.05
1613500406, 247, 77, 127, 0, 0, 0.22%, 0, 8, 10, 3035.80
1613500411, 248, 30, 127, 0, 0, 0.22%, 0, 8, 10, 2926.35
1613500417, 248, 105, 127, 0, 0, 0.22%, 0, 8, 10, 3017.67
1613500422, 249, 58, 127, 0, 0, 0.22%, 0, 8, 10, 3013.16
1613500427, 250, 49, 127, 0, 0, 0.22%, 0, 8, 10, 3068.54
1613500432, 250, 115, 127, 0, 0, 0.22%, 0, 8, 10, 3058.74
1613500437, 251, 38, 127, 0, 0, 0.22%, 0, 8, 10, 2994.56
1613500442, 251, 76, 127, 0, 0, 0.22%, 0, 8, 10, 3066.54
1613500448, 252, 26, 127, 0, 0, 0.22%, 0, 8, 10, 3027.88
1613500453, 252, 82, 127, 0, 0, 0.22%, 0, 8, 10, 3027.69
1613500458, 253, 47, 127, 0, 0, 0.22%, 0, 8, 10, 3231.86
1613500463, 253, 106, 127, 0, 0, 0.22%, 0, 8, 10, 3209.45
1613500468, 254, 75, 127, 0, 0, 0.22%, 0, 8, 10, 3203.29
1613500473, 255, 38, 127, 0, 0, 0.22%, 0, 8, 10, 3101.69
1613500478, 255, 109, 127, 0, 0, 0.22%, 0, 8, 10, 3220.85
1613500483, 256, 72, 127, 0, 0, 0.22%, 0, 8, 10, 3225.95
1613500488, 257, 17, 127, 0, 0, 0.22%, 0, 8, 10, 3213.87
1613500493, 257, 77, 127, 0, 0, 0.22%, 0, 8, 10, 3215.87
1613500499, 258, 72, 127, 0, 0, 0.22%, 0, 8, 10, 3263.52
1613500504, 259, 49, 127, 0, 0, 0.22%, 0, 8, 10, 3170.17
1613500509, 259, 107, 127, 0, 0, 0.22%, 0, 8, 10, 3254.40
1613500514, 260, 32, 127, 0, 0, 0.22%, 0, 8, 10, 2984.79
1613500519, 261, 11, 127, 0, 0, 0.22%, 0, 8, 10, 3007.39
1613500524, 261, 92, 127, 0, 0, 0.22%, 0, 8, 10, 3221.72
1613500529, 262, 38, 127, 0, 0, 0.22%, 0, 8, 10, 3191.10
1613500535, 263, 12, 127, 0, 0, 0.22%, 0, 8, 10, 3222.82
1613500540, 263, 96, 127, 0, 0, 0.22%, 0, 8, 10, 3238.16
1613500545, 264, 72, 127, 0, 0, 0.22%, 0, 8, 10, 3264.55
1613500550, 265, 47, 127, 0, 0, 0.22%, 0, 8, 10, 3256.03
1613500555, 266, 12, 127, 0, 0, 0.22%, 0, 8, 10, 3267.86
1613500560, 266, 75, 127, 0, 0, 0.22%, 0, 8, 10, 3238.08
1613500565, 267, 72, 127, 0, 0, 0.22%, 0, 8, 10, 3278.91
1613500570, 267, 115, 127, 0, 0, 0.22%, 0, 8, 10, 2934.83
1613500575, 268, 2, 127, 0, 0, 0.22%, 0, 8, 10, 2976.38
1613500581, 268, 75, 127, 0, 0, 0.22%, 0, 8, 10, 3186.99
1613500586, 269, 67, 127, 0, 0, 0.22%, 0, 8, 10, 3240.83
1613500591, 270, 37, 127, 0, 0, 0.22%, 0, 8, 10, 3157.91
1613500596, 270, 119, 127, 0, 0, 0.22%, 0, 8, 10, 3146.89
1613500601, 271, 32, 127, 0, 0, 0.22%, 0, 8, 10, 3018.97
1613500606, 271, 114, 127, 0, 0, 0.22%, 0, 8, 10, 3010.06
1613500611, 272, 72, 127, 0, 0, 0.22%, 0, 8, 10, 3182.22
1613500616, 273, 47, 127, 0, 0, 0.22%, 0, 8, 10, 3262.52
1613500622, 273, 125, 127, 0, 0, 0.22%, 0, 8, 10, 2989.54
1613500627, 274, 77, 127, 0, 0, 0.22%, 0, 8, 10, 3201.83
1613500632, 275, 58, 127, 0, 0, 0.22%, 0, 8, 10, 3245.56
1613500637, 276, 12, 127, 0, 0, 0.22%, 0, 8, 10, 3217.55
1613500642, 276, 98, 127, 0, 0, 0.22%, 0, 8, 10, 3145.61
1613500647, 277, 77, 127, 0, 0, 0.22%, 0, 8, 10, 3241.81
1613500652, 278, 72, 127, 0, 0, 0.22%, 0, 8, 10, 3213.40
1613500658, 279, 2, 127, 0, 0, 0.22%, 0, 8, 10, 3201.33
1613500663, 279, 72, 127, 0, 0, 0.22%, 0, 8, 10, 3211.48
1613500668, 280, 50, 127, 0, 0, 0.22%, 0, 8, 10, 3213.50
1613500673, 281, 30, 127, 0, 0, 0.22%, 0, 8, 10, 3216.47
1613500678, 282, 2, 127, 0, 0, 0.22%, 0, 8, 10, 3219.58
1613500684, 282, 77, 127, 0, 0, 0.22%, 0, 8, 10, 3194.34
1613500689, 283, 43, 127, 0, 0, 0.22%, 0, 8, 10, 3162.56
1613500694, 284, 2, 127, 0, 0, 0.22%, 0, 8, 10, 3014.23
1613500699, 284, 75, 127, 0, 0, 0.22%, 0, 8, 10, 3198.05
1613500704, 285, 72, 127, 0, 0, 0.22%, 0, 8, 10, 3230.41
1613500709, 286, 47, 127, 0, 0, 0.22%, 0, 8, 10, 3231.95
1613500714, 286, 120, 127, 0, 0, 0.22%, 0, 8, 10, 3221.52
1613500720, 287, 72, 127, 0, 0, 0.22%, 0, 8, 10, 3241.57
1613500725, 288, 24, 127, 0, 0, 0.22%, 0, 8, 10, 3120.43
1613500730, 288, 116, 127, 0, 0, 0.22%, 0, 8, 10, 2936.59
1613500735, 289, 67, 127, 0, 0, 0.22%, 0, 8, 10, 3143.36
1613500740, 289, 116, 127, 0, 0, 0.22%, 0, 8, 10, 2811.21
1613500745, 290, 72, 127, 0, 0, 0.22%, 0, 8, 10, 3197.69
1613500750, 291, 47, 127, 0, 0, 0.22%, 0, 8, 10, 3176.09
1613500755, 291, 114, 127, 0, 0, 0.22%, 0, 8, 10, 2926.08
1613500761, 292, 72, 127, 0, 0, 0.22%, 0, 8, 10, 3245.09
1613500766, 292, 117, 127, 0, 0, 0.22%, 0, 8, 10, 3262.45
1613500771, 293, 3, 127, 0, 0, 0.22%, 0, 8, 10, 3043.49
1613500776, 293, 75, 127, 0, 0, 0.22%, 0, 8, 10, 3114.18
1613500781, 294, 24, 127, 0, 0, 0.22%, 0, 8, 10, 3088.07
1613500786, 294, 94, 127, 0, 0, 0.22%, 0, 8, 10, 3197.95
1613500791, 295, 72, 127, 0, 0, 0.22%, 0, 8, 10, 3234.11
1613500796, 296, 49, 127, 0, 0, 0.22%, 0, 8, 10, 3225.49
1613500802, 297, 25, 127, 0, 0, 0.22%, 0, 8, 10, 3169.05
1613500807, 297, 99, 127, 0, 0, 0.22%, 0, 8, 10, 3099.24
1613500812, 298, 75, 127, 0, 0, 0.22%, 0, 8, 10, 3230.51
1613500817, 299, 32, 128, 1, 0, 0.22%, 0, 8, 10, 3055.98
1613500822, 299, 121, 128, 1, 0, 0.22%, 0, 8, 10, 3165.57
1613500827, 300, 39, 128, 1, 0, 0.22%, 0, 8, 10, 3130.14
1613500832, 300, 126, 128, 1, 0, 0.22%, 0, 8, 10, 2917.24
1613500837, 301, 75, 128, 1, 0, 0.22%, 0, 8, 10, 3185.48
1613500842, 302, 11, 128, 1, 0, 0.22%, 0, 8, 10, 2870.72
1613500848, 302, 87, 128, 1, 0, 0.22%, 0, 8, 10, 3041.26
1613500853, 303, 47, 128, 1, 0, 0.22%, 0, 8, 10, 3107.98
1613500858, 303, 114, 128, 1, 0, 0.22%, 0, 8, 10, 2842.73
1613500863, 304, 49, 128, 1, 0, 0.22%, 0, 8, 10, 3004.46
1613500868, 305, 2, 128, 1, 0, 0.22%, 0, 8, 10, 2966.21
1613500873, 305, 77, 128, 1, 0, 0.22%, 0, 8, 10, 3181.17
1613500878, 306, 43, 128, 0, 0, 0.22%, 0, 8, 10, 3150.12
1613500883, 307, 2, 128, 0, 0, 0.22%, 0, 8, 10, 3047.76
1613500889, 307, 75, 128, 0, 0, 0.22%, 0, 8, 10, 3197.77
1613500894, 308, 12, 128, 0, 0, 0.22%, 0, 8, 10, 3090.78
1613500899, 308, 74, 128, 0, 0, 0.22%, 0, 8, 10, 3197.41
1613500904, 309, 43, 128, 0, 0, 0.22%, 0, 8, 10, 3209.85
1613500909, 309, 107, 128, 0, 0, 0.22%, 0, 8, 10, 2997.48
1613500914, 310, 50, 128, 0, 0, 0.22%, 0, 8, 10, 3006.61
1613500919, 311, 12, 128, 0, 0, 0.22%, 0, 8, 10, 3160.03
1613500924, 311, 83, 128, 0, 0, 0.22%, 0, 8, 10, 3139.86
1613500930, 311, 124, 128, 0, 0, 0.22%, 0, 8, 10, 2810.32
1613500935, 312, 49, 128, 0, 0, 0.22%, 0, 8, 10, 3087.16
1613500940, 312, 116, 128, 0, 0, 0.22%, 0, 8, 10, 2895.55
1613500945, 313, 75, 128, 0, 0, 0.22%, 0, 8, 10, 3147.79
1613500950, 314, 38, 128, 0, 0, 0.22%, 0, 8, 10, 3184.99
1613500955, 315, 11, 128, 0, 0, 0.22%, 0, 8, 10, 3203.79
1613500960, 315, 100, 128, 0, 0, 0.22%, 0, 8, 10, 3119.33
1613500966, 316, 24, 128, 0, 0, 0.22%, 0, 8, 10, 3183.44
1613500971, 317, 22, 128, 0, 0, 0.22%, 0, 8, 10, 3141.21
1613500976, 317, 75, 128, 0, 0, 0.22%, 0, 8, 10, 3262.96
1613500981, 318, 58, 128, 0, 0, 0.22%, 0, 8, 10, 3258.14
1613500986, 318, 111, 128, 0, 0, 0.22%, 0, 8, 10, 3149.43
1613500991, 319, 75, 128, 0, 0, 0.22%, 0, 8, 10, 3208.72
1613500996, 320, 72, 128, 0, 0, 0.22%, 0, 8, 10, 3218.11
1613501001, 320, 114, 128, 0, 0, 0.22%, 0, 8, 10, 3060.01
1613501007, 321, 47, 128, 0, 0, 0.22%, 0, 8, 10, 3196.58
1613501012, 321, 125, 128, 0, 0, 0.22%, 0, 8, 10, 2987.15
1613501017, 322, 72, 128, 0, 0, 0.22%, 0, 8, 10, 3193.28
1613501022, 323, 2, 128, 0, 0, 0.22%, 0, 8, 10, 2980.68
1613501027, 323, 110, 128, 0, 0, 0.22%, 0, 8, 10, 3086.84
1613501032, 323, 121, 128, 0, 0, 0.22%, 0, 8, 10, 2919.13
1613501037, 324, 72, 128, 0, 0, 0.22%, 0, 8, 10, 3054.68
1613501042, 324, 119, 128, 0, 0, 0.22%, 0, 8, 10, 2792.71
1613501047, 325, 30, 128, 0, 0, 0.22%, 0, 8, 10, 3058.18
1613501052, 326, 25, 128, 0, 0, 0.22%, 0, 8, 10, 3187.16
1613501058, 326, 77, 128, 0, 0, 0.22%, 0, 8, 10, 3242.54
1613501063, 326, 117, 128, 0, 0, 0.22%, 0, 8, 10, 2786.13
1613501068, 327, 68, 128, 0, 0, 0.22%, 0, 8, 10, 3066.54
1613501073, 328, 2, 128, 0, 0, 0.22%, 0, 8, 10, 3188.09
1613501078, 328, 75, 128, 0, 0, 0.22%, 0, 8, 10, 3219.74
1613501083, 329, 70, 128, 0, 0, 0.22%, 0, 8, 10, 3233.26
1613501088, 330, 43, 128, 0, 0, 0.22%, 0, 8, 10, 3188.26
1613501093, 330, 99, 128, 0, 0, 0.22%, 0, 8, 10, 3158.96
1613501098, 331, 12, 128, 0, 0, 0.22%, 0, 8, 10, 3116.40
1613501104, 331, 77, 128, 0, 0, 0.22%, 0, 8, 10, 3072.75
1613501109, 332, 58, 128, 0, 0, 0.22%, 0, 8, 10, 3134.79
1613501114, 332, 122, 128, 0, 0, 0.22%, 0, 8, 10, 3098.52
1613501119, 333, 49, 128, 0, 0, 0.22%, 0, 8, 10, 3122.87
1613501124, 334, 38, 128, 0, 0, 0.22%, 0, 8, 10, 3173.36
1613501129, 334, 101, 128, 0, 0, 0.22%, 0, 8, 10, 3195.04
1613501135, 335, 24, 128, 0, 0, 0.22%, 0, 8, 10, 2902.47
1613501140, 335, 109, 128, 0, 0, 0.22%, 0, 8, 10, 3104.85
1613501145, 336, 38, 128, 0, 0, 0.22%, 0, 8, 10, 3058.66
1613501150, 336, 118, 128, 0, 0, 0.22%, 0, 8, 10, 2925.96
1613501155, 337, 4, 128, 0, 0, 0.22%, 0, 8, 10, 2780.61
1613501160, 337, 75, 128, 0, 0, 0.22%, 0, 8, 10, 3149.46
1613501165, 338, 72, 128, 0, 0, 0.22%, 0, 8, 10, 3197.31
1613501170, 338, 119, 128, 0, 0, 0.22%, 0, 8, 10, 2891.84
1613501175, 339, 72, 128, 0, 0, 0.22%, 0, 8, 10, 3148.92
1613501180, 340, 25, 128, 0, 0, 0.22%, 0, 8, 10, 2938.70
1613501185, 340, 118, 128, 0, 0, 0.22%, 0, 8, 10, 927.42
1613501190, 341, 49, 128, 0, 0, 0.22%, 0, 8, 10, 2519.29
1613501195, 341, 114, 128, 0, 0, 0.22%, 0, 8, 10, 2950.36
1613501201, 342, 47, 128, 0, 0, 0.22%, 0, 8, 10, 3033.98
1613501206, 343, 30, 128, 0, 0, 0.22%, 0, 8, 10, 3161.06
1613501211, 343, 106, 128, 0, 0, 0.22%, 0, 8, 10, 3222.25
1613501216, 344, 43, 128, 0, 0, 0.22%, 0, 8, 10, 3068.89
1613501221, 344, 108, 128, 0, 0, 0.22%, 0, 8, 10, 3014.45
1613501226, 345, 58, 128, 0, 0, 0.22%, 0, 8, 10, 3070.83
1613501231, 346, 50, 128, 0, 0, 0.22%, 0, 8, 10, 3184.09
1613501237, 347, 25, 128, 0, 0, 0.22%, 0, 8, 10, 3206.94
1613501242, 347, 83, 128, 0, 0, 0.22%, 0, 8, 10, 3161.93
1613501247, 347, 120, 128, 0, 0, 0.22%, 0, 8, 10, 3161.25
1613501252, 348, 38, 128, 0, 0, 0.22%, 0, 8, 10, 2983.27
1613501257, 348, 113, 128, 0, 0, 0.22%, 0, 8, 10, 2911.49
1613501262, 349, 50, 128, 0, 0, 0.22%, 0, 8, 10, 3116.20
1613501267, 350, 32, 128, 0, 0, 0.22%, 0, 8, 10, 3156.92
1613501272, 350, 93, 128, 0, 0, 0.22%, 0, 8, 10, 3011.18
1613501277, 351, 72, 128, 0, 0, 0.22%, 0, 8, 10, 3166.22
1613501282, 351, 122, 128, 0, 0, 0.22%, 0, 8, 10, 3008.16
1613501287, 352, 38, 128, 0, 0, 0.22%, 0, 8, 10, 3055.45
1613501292, 352, 115, 128, 0, 0, 0.22%, 0, 8, 10, 3026.51
1613501297, 352, 124, 128, 0, 0, 0.22%, 0, 8, 10, 2923.04
1613501303, 353, 44, 128, 0, 0, 0.22%, 0, 8, 10, 3026.45
1613501308, 354, 20, 128, 0, 0, 0.22%, 0, 8, 10, 3139.59
1613501313, 354, 119, 128, 0, 0, 0.22%, 0, 8, 10, 3005.84
1613501318, 355, 47, 128, 0, 0, 0.22%, 0, 8, 10, 3066.25
1613501323, 356, 31, 128, 0, 0, 0.22%, 0, 8, 10, 3165.37
1613501328, 357, 2, 128, 0, 0, 0.22%, 0, 8, 10, 2626.80
1613501334, 357, 72, 128, 0, 0, 0.22%, 0, 8, 10, 3097.52
1613501339, 358, 49, 128, 0, 0, 0.22%, 0, 8, 10, 3125.16
1613501344, 358, 118, 128, 0, 0, 0.22%, 0, 8, 10, 2696.73
1613501349, 358, 127, 128, 0, 0, 0.22%, 0, 8, 10, 2868.15
1613501354, 359, 75, 128, 0, 0, 0.22%, 0, 8, 10, 3152.06
1613501359, 360, 54, 128, 0, 0, 0.22%, 0, 8, 10, 3221.62
1613501364, 360, 117, 128, 0, 0, 0.22%, 0, 8, 10, 2853.91
1613501369, 361, 2, 128, 0, 0, 0.22%, 0, 8, 10, 2955.16
1613501374, 361, 77, 128, 0, 0, 0.22%, 0, 8, 10, 3152.89
1613501379, 362, 43, 128, 0, 0, 0.22%, 0, 8, 10, 3161.45
1613501384, 363, 32, 128, 0, 0, 0.22%, 0, 8, 10, 3090.19
1613501389, 363, 96, 128, 0, 0, 0.22%, 0, 8, 10, 3226.12
1613501395, 364, 47, 128, 0, 0, 0.22%, 0, 8, 10, 3077.18
1613501400, 364, 100, 128, 0, 0, 0.22%, 0, 8, 10, 3104.76
1613501405, 365, 75, 128, 0, 0, 0.22%, 0, 8, 10, 3186.60
1613501410, 366, 3, 128, 0, 0, 0.22%, 0, 8, 10, 2777.06
1613501415, 366, 77, 128, 0, 0, 0.22%, 0, 8, 10, 86.02
1613501421, 367, 38, 128, 0, 0, 0.22%, 0, 8, 10, 3115.05
1613501426, 368, 18, 128, 0, 0, 0.22%, 0, 8, 10, 3107.96
1613501431, 368, 85, 128, 0, 0, 0.22%, 0, 8, 10, 3176.18
1613501436, 369, 67, 128, 0, 0, 0.22%, 0, 8, 10, 3055.03
1613501441, 370, 43, 128, 0, 0, 0.22%, 0, 8, 10, 3117.53
1613501446, 371, 33, 128, 0, 0, 0.22%, 0, 8, 10, 3131.82
1613501451, 371, 124, 128, 0, 0, 0.22%, 0, 8, 10, 2973.76
1613501457, 372, 58, 128, 0, 0, 0.22%, 0, 8, 10, 3080.81
1613501462, 373, 38, 128, 0, 0, 0.22%, 0, 8, 10, 3153.72
1613501467, 373, 113, 128, 0, 0, 0.22%, 0, 8, 10, 3071.77
1613501472, 374, 24, 128, 0, 0, 0.22%, 0, 8, 10, 2860.99
1613501477, 374, 99, 128, 0, 0, 0.22%, 0, 8, 10, 3000.64
1613501482, 375, 72, 128, 0, 0, 0.22%, 0, 8, 10, 3071.52
1613501487, 375, 108, 128, 0, 0, 0.22%, 0, 8, 10, 3059.60
1613501492, 376, 49, 128, 0, 0, 0.22%, 0, 8, 10, 3140.75
1613501497, 376, 106, 128, 0, 0, 0.22%, 0, 8, 10, 3065.55
1613501502, 377, 49, 128, 0, 0, 0.22%, 0, 8, 10, 3110.46
1613501507, 377, 101, 128, 0, 0, 0.22%, 0, 8, 10, 3094.39
1613501512, 378, 3, 128, 0, 0, 0.22%, 0, 8, 10, 2666.04
1613501518, 378, 75, 128, 0, 0, 0.22%, 0, 8, 10, 3116.11
1613501523, 379, 58, 128, 0, 0, 0.22%, 0, 8, 10, 3152.08
1613501528, 379, 115, 128, 0, 0, 0.22%, 0, 8, 10, 3063.79
1613501533, 380, 72, 128, 0, 0, 0.22%, 0, 8, 10, 3136.40
1613501538, 381, 31, 128, 0, 0, 0.22%, 0, 8, 10, 3000.91
1613501543, 381, 78, 128, 0, 0, 0.22%, 0, 8, 10, 3117.18
1613501548, 381, 119, 128, 0, 0, 0.22%, 0, 8, 10, 2813.91
1613501553, 382, 72, 128, 0, 0, 0.22%, 0, 8, 10, 3049.26
1613501558, 382, 108, 128, 0, 0, 0.22%, 0, 8, 10, 3017.45
1613501563, 383, 72, 128, 0, 0, 0.22%, 0, 8, 10, 3164.58
1613501568, 384, 20, 128, 0, 0, 0.22%, 0, 8, 10, 2949.56
1613501574, 384, 113, 128, 0, 0, 0.22%, 0, 8, 10, 2976.15
1613501579, 385, 50, 128, 0, 0, 0.22%, 0, 8, 10, 3176.87
1613501584, 386, 32, 128, 0, 0, 0.22%, 0, 8, 10, 3166.65
1613501589, 386, 84, 128, 0, 0, 0.22%, 0, 8, 10, 3131.96
1613501594, 387, 31, 128, 0, 0, 0.22%, 0, 8, 10, 3108.93
1613501599, 387, 108, 128, 0, 0, 0.22%, 0, 8, 10, 3169.12
1613501605, 388, 61, 128, 0, 0, 0.22%, 0, 8, 10, 3197.81
1613501610, 389, 2, 128, 0, 0, 0.22%, 0, 8, 10, 3174.02
1613501615, 389, 75, 128, 0, 0, 0.22%, 0, 8, 10, 3223.23
1613501620, 390, 72, 128, 0, 0, 0.22%, 0, 8, 10, 3253.02
1613501625, 390, 125, 128, 0, 0, 0.22%, 0, 8, 10, 2695.89
1613501630, 391, 73, 128, 0, 0, 0.22%, 0, 8, 10, 3131.13
1613501635, 392, 32, 128, 0, 0, 0.22%, 0, 8, 10, 3080.42
1613501640, 392, 88, 128, 0, 0, 0.22%, 0, 8, 10, 3173.12
1613501645, 393, 24, 128, 0, 0, 0.22%, 0, 8, 10, 2967.76
1613501650, 393, 99, 128, 0, 0, 0.22%, 0, 8, 10, 3310.11
1613501655, 394, 32, 128, 0, 0, 0.22%, 0, 8, 10, 3107.19
1613501661, 394, 85, 128, 0, 0, 0.22%, 0, 8, 10, 3206.62
1613501666, 394, 122, 128, 0, 0, 0.22%, 0, 8, 10, 2907.12
1613501671, 395, 47, 128, 0, 0, 0.22%, 0, 8, 10, 3082.58
1613501676, 396, 24, 128, 0, 0, 0.22%, 0, 8, 10, 3143.54
1613501681, 396, 97, 128, 0, 0, 0.22%, 0, 8, 10, 2964.79
1613501686, 397, 75, 128, 0, 0, 0.22%, 0, 8, 10, 3125.20
1613501691, 398, 49, 128, 0, 0, 0.22%, 0, 8, 10, 3160.05
1613501697, 399, 12, 128, 0, 0, 0.22%, 0, 8, 10, 3127.40
1613501702, 399, 77, 128, 0, 0, 0.22%, 0, 8, 10, 3048.97
1613501707, 400, 69, 128, 0, 0, 0.22%, 0, 8, 10, 3210.97
1613501712, 401, 5, 128, 0, 0, 0.22%, 0, 8, 10, 3067.45
1613501717, 401, 75, 128, 0, 0, 0.22%, 0, 8, 10, 3203.28
1613501722, 402, 38, 128, 0, 0, 0.22%, 0, 8, 10, 3125.08
1613501728, 403, 2, 128, 0, 0, 0.22%, 0, 8, 10, 3136.49
1613501733, 403, 75, 128, 0, 0, 0.22%, 0, 8, 10, 3232.65
1613501738, 404, 17, 128, 0, 0, 0.22%, 0, 8, 10, 3210.13
1613501743, 404, 78, 128, 0, 0, 0.22%, 0, 8, 10, 3230.27
1613501748, 405, 31, 128, 0, 0, 0.22%, 0, 8, 10, 3051.27
1613501753, 405, 122, 128, 0, 0, 0.22%, 0, 8, 10, 3147.49
1613501758, 406, 72, 128, 0, 0, 0.22%, 0, 8, 10, 3250.32
1613501763, 407, 47, 128, 0, 0, 0.22%, 0, 8, 10, 3255.02
1613501769, 407, 117, 128, 0, 0, 0.22%, 0, 8, 10, 2986.08
1613501774, 408, 48, 128, 0, 0, 0.22%, 0, 8, 10, 3331.37
1613501779, 409, 12, 128, 0, 0, 0.22%, 0, 8, 10, 3289.04
1613501784, 409, 78, 128, 0, 0, 0.22%, 0, 8, 10, 3266.24
1613501789, 410, 75, 128, 0, 0, 0.22%, 0, 8, 10, 3163.89
1613501794, 411, 31, 128, 0, 0, 0.22%, 0, 8, 10, 3082.10
1613501799, 411, 116, 128, 0, 0, 0.22%, 0, 8, 10, 2896.55
1613501804, 412, 61, 128, 0, 0, 0.22%, 0, 8, 10, 3123.06
1613501809, 413, 47, 128, 0, 0, 0.22%, 0, 8, 10, 3195.26
1613501815, 414, 47, 128, 0, 0, 0.22%, 0, 8, 10, 3255.86
1613501820, 414, 115, 128, 0, 0, 0.22%, 0, 8, 10, 3206.10
1613501825, 415, 58, 128, 0, 0, 0.22%, 0, 8, 10, 3211.83
1613501830, 416, 15, 128, 0, 0, 0.22%, 0, 8, 10, 3264.11
1613501835, 417, 3, 128, 0, 0, 0.22%, 0, 8, 10, 3218.45
1613501841, 417, 77, 128, 0, 0, 0.22%, 0, 8, 10, 3226.35
1613501846, 418, 75, 128, 0, 0, 0.22%, 0, 8, 10, 3232.50
1613501851, 419, 72, 128, 0, 0, 0.22%, 0, 8, 10, 3245.59
1613501856, 420, 38, 128, 0, 0, 0.22%, 0, 8, 10, 3021.95
1613501861, 420, 112, 128, 0, 0, 0.22%, 0, 8, 10, 3098.19
1613501866, 421, 77, 128, 0, 0, 0.22%, 0, 8, 10, 3259.31
1613501871, 422, 20, 128, 0, 0, 0.22%, 0, 8, 10, 3195.52
1613501876, 422, 77, 128, 0, 0, 0.22%, 0, 8, 10, 408.51
1613501881, 422, 125, 128, 0, 0, 0.22%, 0, 8, 10, 3031.07
1613501886, 423, 75, 128, 0, 0, 0.22%, 0, 8, 10, 3210.66
1613501891, 424, 25, 128, 0, 0, 0.22%, 0, 8, 10, 2976.52
1613501897, 424, 109, 128, 0, 0, 0.22%, 0, 8, 10, 3198.43
1613501902, 425, 47, 128, 0, 0, 0.22%, 0, 8, 10, 3167.38
1613501907, 425, 101, 128, 0, 0, 0.22%, 0, 8, 10, 3200.17
1613501912, 426, 22, 128, 0, 0, 0.22%, 0, 8, 10, 2965.92
1613501917, 426, 77, 128, 0, 0, 0.22%, 0, 8, 10, 3195.65
1613501922, 427, 58, 128, 0, 0, 0.22%, 0, 8, 10, 3214.87
1613501927, 428, 13, 128, 0, 0, 0.22%, 0, 8, 10, 3150.72
1613501932, 428, 80, 128, 0, 0, 0.22%, 0, 8, 10, 3172.92
1613501937, 429, 58, 128, 0, 0, 0.22%, 0, 8, 10, 3194.19
1613501942, 429, 108, 128, 0, 0, 0.22%, 0, 8, 10, 3186.85
1613501947, 430, 38, 128, 0, 0, 0.22%, 0, 8, 10, 3150.16
1613501953, 431, 12, 128, 0, 0, 0.22%, 0, 8, 10, 3142.62
1613501958, 432, 11, 128, 0, 0, 0.22%, 0, 8, 10, 3214.20
1613501963, 432, 112, 128, 0, 0, 0.22%, 0, 8, 10, 3062.38
1613501968, 433, 47, 128, 0, 0, 0.22%, 0, 8, 10, 3194.99
1613501973, 434, 32, 128, 0, 0, 0.22%, 0, 8, 10, 3144.48
1613501978, 434, 125, 128, 0, 0, 0.22%, 0, 8, 10, 2973.37
1613501983, 435, 75, 128, 0, 0, 0.22%, 0, 8, 10, 3185.13
1613501989, 436, 72, 128, 0, 0, 0.22%, 0, 8, 10, 3220.23
1613501994, 437, 24, 128, 0, 0, 0.22%, 0, 8, 10, 3204.43
1613501999, 438, 8, 128, 0, 0, 0.22%, 0, 8, 10, 3228.09
1613502004, 438, 77, 128, 0, 0, 0.22%, 0, 8, 10, 3139.75
1613502009, 439, 32, 128, 0, 0, 0.22%, 0, 8, 10, 3207.98
1613502015, 439, 102, 128, 0, 0, 0.22%, 0, 8, 10, 3183.41
1613502020, 440, 72, 128, 0, 0, 0.22%, 0, 8, 10, 3202.18
1613502025, 441, 25, 128, 0, 0, 0.22%, 0, 8, 10, 3169.99
1613502030, 441, 124, 128, 0, 0, 0.22%, 0, 8, 10, 3095.66
1613502035, 442, 50, 128, 0, 0, 0.22%, 0, 8, 10, 3222.09
1613502040, 443, 38, 128, 0, 0, 0.22%, 0, 8, 10, 3207.57
1613502045, 443, 113, 128, 0, 0, 0.22%, 0, 8, 10, 3021.81
1613502051, 444, 47, 128, 0, 0, 0.22%, 0, 8, 10, 3050.07
1613502056, 445, 36, 128, 0, 0, 0.22%, 0, 8, 10, 3192.08
1613502061, 445, 104, 128, 0, 0, 0.22%, 0, 8, 10, 3246.58
1613502066, 446, 75, 128, 0, 0, 0.22%, 0, 8, 10, 3255.85
1613502071, 447, 31, 128, 0, 0, 0.22%, 0, 8, 10, 3137.74
1613502076, 447, 101, 128, 0, 0, 0.22%, 0, 8, 10, 3231.67
1613502081, 448, 75, 128, 0, 0, 0.22%, 0, 8, 10, 3286.27
1613502087, 449, 72, 128, 0, 0, 0.22%, 0, 8, 10, 3291.23
1613502092, 450, 49, 128, 0, 0, 0.22%, 0, 8, 10, 3246.22
1613502097, 450, 113, 128, 0, 0, 0.22%, 0, 8, 10, 3029.42
1613502102, 451, 75, 128, 0, 0, 0.22%, 0, 8, 10, 3215.89
1613502107, 452, 50, 128, 0, 0, 0.22%, 0, 8, 10, 3199.73
1613502112, 452, 122, 128, 0, 0, 0.22%, 0, 8, 10, 3103.13
1613502117, 453, 58, 128, 0, 0, 0.22%, 0, 8, 10, 3216.65
1613502123, 454, 32, 128, 0, 0, 0.22%, 0, 8, 10, 3222.87
1613502128, 454, 101, 128, 0, 0, 0.22%, 0, 8, 10, 3249.00
1613502133, 455, 71, 128, 0, 0, 0.22%, 0, 8, 10, 3193.69
1613502138, 455, 116, 128, 0, 0, 0.22%, 0, 8, 10, 2800.77
1613502143, 456, 43, 128, 0, 0, 0.22%, 0, 8, 10, 3132.11
1613502148, 456, 115, 128, 0, 0, 0.22%, 0, 8, 10, 3242.67
1613502154, 457, 72, 128, 0, 0, 0.22%, 0, 8, 10, 3259.13
1613502159, 458, 25, 128, 0, 0, 0.22%, 0, 8, 10, 3201.33
1613502164, 458, 104, 128, 0, 0, 0.22%, 0, 8, 10, 3255.44
1613502169, 459, 50, 128, 0, 0, 0.22%, 0, 8, 10, 3254.40
1613502174, 460, 2, 128, 0, 0, 0.22%, 0, 8, 10, 3091.56
1613502179, 460, 86, 128, 0, 0, 0.22%, 0, 8, 10, 3241.76
1613502184, 461, 47, 128, 0, 0, 0.22%, 0, 8, 10, 3085.46
1613502190, 462, 3, 128, 0, 0, 0.22%, 0, 8, 10, 3222.72
1613502195, 462, 75, 128, 0, 0, 0.22%, 0, 8, 10, 3217.92
1613502200, 463, 75, 128, 0, 0, 0.22%, 0, 8, 10, 3261.01
1613502205, 464, 54, 128, 0, 0, 0.22%, 0, 8, 10, 3251.97
1613502210, 465, 20, 128, 0, 0, 0.22%, 0, 8, 10, 3246.58
1613502215, 465, 84, 128, 0, 0, 0.22%, 0, 8, 10, 3330.24
1613502221, 466, 58, 128, 0, 0, 0.22%, 0, 8, 10, 3214.08
1613502226, 467, 3, 128, 0, 0, 0.22%, 0, 8, 10, 3070.45
1613502231, 467, 98, 128, 0, 0, 0.22%, 0, 8, 10, 3198.24
1613502236, 468, 75, 128, 0, 0, 0.22%, 0, 8, 10, 3305.32
1613502241, 469, 38, 128, 0, 0, 0.22%, 0, 8, 10, 3241.86
1613502246, 469, 124, 128, 0, 0, 0.22%, 0, 8, 10, 3137.98
1613502251, 470, 49, 128, 0, 0, 0.22%, 0, 8, 10, 3234.83
1613502256, 471, 3, 128, 0, 0, 0.22%, 0, 8, 10, 3315.98
1613502261, 471, 122, 128, 0, 0, 0.22%, 0, 8, 10, 3305.26
1613502267, 472, 50, 128, 0, 0, 0.22%, 0, 8, 10, 3203.48
1613502272, 473, 38, 128, 0, 0, 0.22%, 0, 8, 10, 3266.70
1613502277, 474, 24, 128, 0, 0, 0.22%, 0, 8, 10, 3005.55
1613502282, 475, 1, 128, 0, 0, 0.22%, 0, 8, 10, 3215.11
1613502287, 475, 73, 128, 0, 0, 0.22%, 0, 8, 10, 3279.95
1613502293, 476, 47, 128, 0, 0, 0.22%, 0, 8, 10, 3231.30
1613502298, 477, 31, 128, 0, 0, 0.22%, 0, 8, 10, 3080.79
1613502303, 477, 120, 128, 0, 0, 0.22%, 0, 8, 10, 3161.34
1613502308, 478, 47, 128, 0, 0, 0.22%, 0, 8, 10, 3229.38
1613502313, 479, 30, 128, 0, 0, 0.22%, 0, 8, 10, 3287.99
1613502318, 479, 81, 128, 0, 0, 0.22%, 0, 8, 10, 3266.46
1613502323, 480, 72, 128, 0, 0, 0.22%, 0, 8, 10, 3123.60
1613502329, 481, 43, 128, 0, 0, 0.22%, 0, 8, 10, 3085.80
1613502334, 482, 2, 128, 0, 0, 0.22%, 0, 8, 10, 3124.14
1613502339, 482, 77, 128, 0, 0, 0.22%, 0, 8, 10, 3181.72
1613502344, 483, 58, 128, 0, 0, 0.22%, 0, 8, 10, 3228.51
1613502349, 484, 2, 128, 0, 0, 0.22%, 0, 8, 10, 3147.58
1613502355, 484, 98, 128, 0, 0, 0.22%, 0, 8, 10, 3244.55
1613502360, 485, 75, 128, 0, 0, 0.22%, 0, 8, 10, 3303.33
1613502365, 486, 45, 128, 0, 0, 0.22%, 0, 8, 10, 3274.92
1613502370, 487, 30, 128, 0, 0, 0.22%, 0, 8, 10, 3260.43
1613502375, 487, 99, 128, 0, 0, 0.22%, 0, 8, 10, 3293.95
1613502380, 488, 30, 128, 0, 0, 0.22%, 0, 8, 10, 3208.62
1613502385, 488, 77, 128, 0, 0, 0.22%, 0, 8, 10, 598.45
1613502391, 489, 56, 128, 0, 0, 0.22%, 0, 8, 10, 3206.27
1613502396, 489, 127, 128, 0, 0, 0.22%, 0, 8, 10, 3132.21
1613502401, 490, 72, 128, 0, 0, 0.22%, 0, 8, 10, 3283.37
1613502406, 491, 58, 128, 0, 0, 0.22%, 0, 8, 10, 3294.19
1613502411, 491, 118, 128, 0, 0, 0.22%, 0, 8, 10, 2920.74
1613502416, 492, 72, 128, 0, 0, 0.22%, 0, 8, 10, 3123.68
1613502421, 493, 58, 128, 0, 0, 0.22%, 0, 8, 10, 3230.97
1613502426, 494, 58, 128, 0, 0, 0.22%, 0, 8, 10, 3283.30
1613502432, 495, 32, 128, 0, 0, 0.22%, 0, 8, 10, 3282.79
1613502437, 495, 122, 128, 0, 0, 0.22%, 0, 8, 10, 3176.71
1613502442, 496, 72, 128, 0, 0, 0.22%, 0, 8, 10, 3281.26
1613502447, 497, 58, 128, 0, 0, 0.22%, 0, 8, 10, 3121.87
1613502452, 498, 24, 128, 0, 0, 0.22%, 0, 8, 10, 3172.56
1613502457, 498, 96, 128, 0, 0, 0.22%, 0, 8, 10, 3235.81
1613502462, 499, 50, 128, 0, 0, 0.22%, 0, 8, 10, 3216.25
1613502467, 500, 17, 128, 0, 0, 0.22%, 0, 8, 10, 3198.30
1613502472, 500, 77, 128, 0, 0, 0.22%, 0, 8, 10, 3183.55
1613502477, 501, 72, 128, 0, 0, 0.22%, 0, 8, 10, 3289.47
1613502483, 502, 43, 128, 0, 0, 0.22%, 0, 8, 10, 3130.23
1613502488, 503, 25, 128, 0, 0, 0.22%, 0, 8, 10, 3063.03
1613502493, 503, 92, 128, 0, 0, 0.22%, 0, 8, 10, 3223.20
1613502498, 504, 32, 128, 0, 0, 0.22%, 0, 8, 10, 3220.80
1613502503, 504, 97, 128, 0, 0, 0.22%, 0, 8, 10, 3140.76
1613502508, 505, 72, 128, 0, 0, 0.22%, 0, 8, 10, 3132.78
1613502514, 506, 24, 128, 0, 0, 0.22%, 0, 8, 10, 3159.26
1613502519, 506, 83, 128, 0, 0, 0.22%, 0, 8, 10, 3222.93
1613502524, 507, 72, 128, 0, 0, 0.22%, 0, 8, 10, 3301.82
1613502529, 508, 26, 128, 0, 0, 0.22%, 0, 8, 10, 3128.07
1613502534, 508, 77, 128, 0, 0, 0.22%, 0, 8, 10, 578.31
1613502539, 509, 47, 128, 0, 0, 0.22%, 0, 8, 10, 3169.86
1613502544, 509, 117, 128, 0, 0, 0.22%, 0, 8, 10, 3130.95
1613502550, 510, 75, 128, 0, 0, 0.22%, 0, 8, 10, 3270.87
1613502555, 511, 24, 128, 0, 0, 0.22%, 0, 8, 10, 3222.39
1613502560, 511, 99, 128, 0, 0, 0.22%, 0, 8, 10, 3376.53
1613502565, 512, 47, 128, 0, 0, 0.22%, 0, 8, 10, 3254.62
1613502570, 513, 11, 128, 0, 0, 0.22%, 0, 8, 10, 3068.52
1613502575, 513, 83, 128, 0, 0, 0.22%, 0, 8, 10, 3166.92
1613502580, 514, 68, 128, 0, 0, 0.22%, 0, 8, 10, 3242.36
1613502585, 515, 3, 128, 0, 0, 0.22%, 0, 8, 10, 3245.96
1613502591, 516, 2, 128, 0, 0, 0.22%, 0, 8, 10, 3228.44
1613502596, 516, 108, 128, 0, 0, 0.22%, 0, 8, 10, 3318.00
1613502601, 517, 43, 128, 0, 0, 0.22%, 0, 8, 10, 3189.40
1613502606, 518, 32, 128, 0, 0, 0.22%, 0, 8, 10, 3282.23
1613502611, 519, 11, 128, 0, 0, 0.22%, 0, 8, 10, 3215.87
1613502616, 519, 75, 128, 0, 0, 0.22%, 0, 8, 10, 3277.85
1613502621, 520, 50, 128, 0, 0, 0.22%, 0, 8, 10, 3293.99
1613502627, 521, 41, 128, 0, 0, 0.22%, 0, 8, 10, 3269.27
1613502632, 522, 24, 128, 0, 0, 0.22%, 0, 8, 10, 3251.89
1613502637, 522, 112, 128, 0, 0, 0.22%, 0, 8, 10, 3155.13
1613502642, 523, 75, 128, 0, 0, 0.22%, 0, 8, 10, 3250.58
1613502647, 524, 30, 128, 0, 0, 0.22%, 0, 8, 10, 3036.83
1613502652, 525, 3, 128, 0, 0, 0.22%, 0, 8, 10, 3125.96
1613502657, 525, 75, 128, 0, 0, 0.22%, 0, 8, 10, 3272.79
1613502662, 526, 31, 128, 0, 0, 0.22%, 0, 8, 10, 3007.77
1613502667, 526, 91, 128, 0, 0, 0.22%, 0, 8, 10, 3104.64
1613502673, 527, 50, 128, 0, 0, 0.22%, 0, 8, 10, 3202.56
1613502678, 527, 107, 128, 0, 0, 0.22%, 0, 8, 10, 3223.99
1613502683, 528, 72, 128, 0, 0, 0.22%, 0, 8, 10, 3281.63
1613502688, 529, 56, 128, 0, 0, 0.22%, 0, 8, 10, 3212.35
1613502693, 529, 101, 128, 0, 0, 0.22%, 0, 8, 10, 3016.90
1613502698, 530, 75, 128, 0, 0, 0.22%, 0, 8, 10, 3249.09
1613502703, 531, 61, 128, 0, 0, 0.22%, 0, 8, 10, 3286.45
1613502708, 532, 2, 128, 0, 0, 0.22%, 0, 8, 10, 3239.92
1613502714, 532, 77, 128, 0, 0, 0.22%, 0, 8, 10, 3122.21
1613502719, 533, 58, 128, 0, 0, 0.22%, 0, 8, 10, 3234.53
1613502724, 534, 50, 128, 0, 0, 0.22%, 0, 8, 10, 3282.92
1613502729, 535, 11, 128, 0, 0, 0.22%, 0, 8, 10, 3202.25
1613502734, 536, 3, 128, 0, 0, 0.22%, 0, 8, 10, 3236.89
1613502739, 536, 92, 128, 0, 0, 0.22%, 0, 8, 10, 3227.92
1613502744, 537, 31, 128, 0, 0, 0.22%, 0, 8, 10, 3010.52
1613502749, 538, 3, 128, 0, 0, 0.22%, 0, 8, 10, 3190.21
1613502754, 538, 85, 128, 0, 0, 0.22%, 0, 8, 10, 3111.28
1613502760, 539, 50, 128, 0, 0, 0.22%, 0, 8, 10, 3226.68
1613502765, 540, 3, 128, 0, 0, 0.22%, 0, 8, 10, 2859.25
1613502770, 540, 103, 128, 0, 0, 0.22%, 0, 8, 10, 3175.03
1613502775, 541, 75, 128, 0, 0, 0.22%, 0, 8, 10, 3236.35
1613502780, 542, 66, 128, 0, 0, 0.22%, 0, 8, 10, 3234.59
1613502785, 543, 0, 128, 0, 0, 0.22%, 0, 8, 10, 3040.64
1613502790, 543, 102, 128, 0, 0, 0.22%, 0, 8, 10, 3214.22
1613502795, 544, 73, 128, 0, 0, 0.22%, 0, 8, 10, 3288.38
1613502801, 545, 30, 128, 0, 0, 0.22%, 0, 8, 10, 3189.28
1613502806, 546, 3, 128, 0, 0, 0.22%, 0, 8, 10, 3256.73
1613502811, 546, 77, 128, 0, 0, 0.22%, 0, 8, 10, 3300.23
1613502816, 547, 50, 128, 0, 0, 0.22%, 0, 8, 10, 3032.64
1613502821, 548, 32, 128, 0, 0, 0.22%, 0, 8, 10, 3253.73
1613502826, 549, 3, 128, 0, 0, 0.22%, 0, 8, 10, 3011.30
1613502831, 549, 86, 128, 0, 0, 0.22%, 0, 8, 10, 3150.89
1613502836, 550, 34, 128, 0, 0, 0.22%, 0, 8, 10, 3185.77
1613502841, 551, 3, 128, 0, 0, 0.22%, 0, 8, 10, 3217.83
1613502846, 551, 79, 128, 0, 0, 0.22%, 0, 8, 10, 3122.25
1613502851, 552, 75, 128, 0, 0, 0.22%, 0, 8, 10, 3257.25
1613502857, 553, 58, 128, 0, 0, 0.22%, 0, 8, 10, 3250.87
1613502862, 554, 49, 128, 0, 0, 0.22%, 0, 8, 10, 3298.78
1613502867, 555, 32, 128, 0, 0, 0.22%, 0, 8, 10, 3283.67
1613502872, 556, 20, 128, 0, 0, 0.22%, 0, 8, 10, 3261.00
1613502877, 557, 3, 128, 0, 0, 0.22%, 0, 8, 10, 3173.87
1613502882, 557, 77, 128, 0, 0, 0.22%, 0, 8, 10, 3245.76
1613502887, 558, 38, 128, 0, 0, 0.22%, 0, 8, 10, 3186.44
1613502892, 559, 20, 128, 0, 0, 0.22%, 0, 8, 10, 3057.62
1613502898, 559, 77, 128, 0, 0, 0.22%, 0, 8, 10, 498.88
1613502903, 560, 72, 128, 0, 0, 0.22%, 0, 8, 10, 3275.82
1613502908, 561, 50, 128, 0, 0, 0.22%, 0, 8, 10, 3134.45
1613502913, 562, 17, 128, 0, 0, 0.22%, 0, 8, 10, 3065.12
1613502918, 562, 97, 128, 0, 0, 0.22%, 0, 8, 10, 3213.80
1613502923, 563, 72, 128, 0, 0, 0.22%, 0, 8, 10, 3259.74
1613502928, 564, 38, 128, 0, 0, 0.22%, 0, 8, 10, 3200.61
1613502933, 565, 30, 128, 0, 0, 0.22%, 0, 8, 10, 3268.45
1613502939, 565, 97, 128, 0, 0, 0.22%, 0, 8, 10, 3422.33
1613502944, 566, 75, 128, 0, 0, 0.22%, 0, 8, 10, 3278.51
1613502949, 567, 58, 128, 0, 0, 0.22%, 0, 8, 10, 3304.31
1613502954, 567, 118, 128, 0, 0, 0.22%, 0, 8, 10, 2976.58
1613502959, 568, 75, 128, 0, 0, 0.22%, 0, 8, 10, 3256.25
1613502964, 569, 49, 128, 0, 0, 0.22%, 0, 8, 10, 3299.02
1613502969, 570, 28, 128, 0, 0, 0.22%, 0, 8, 10, 3085.10
1613502975, 570, 118, 128, 0, 0, 0.22%, 0, 8, 10, 2979.67
1613502980, 571, 50, 128, 0, 0, 0.22%, 0, 8, 10, 3169.46
1613502985, 572, 38, 128, 0, 0, 0.22%, 0, 8, 10, 3176.39
1613502990, 573, 32, 128, 0, 0, 0.22%, 0, 8, 10, 3250.64
1613502995, 574, 3, 128, 0, 0, 0.22%, 0, 8, 10, 3007.88
1613503000, 574, 75, 128, 0, 0, 0.22%, 0, 8, 10, 3204.61
1613503005, 575, 28, 128, 0, 0, 0.22%, 0, 8, 10, 3264.63
1613503011, 575, 80, 128, 0, 0, 0.22%, 0, 8, 10, 3243.16
1613503016, 576, 75, 128, 0, 0, 0.22%, 0, 8, 10, 3302.85
1613503021, 577, 38, 128, 0, 0, 0.22%, 0, 8, 10, 2954.23
1613503026, 578, 24, 128, 0, 0, 0.22%, 0, 8, 10, 3228.90
1613503031, 579, 3, 128, 0, 0, 0.22%, 0, 8, 10, 3202.87
1613503036, 579, 83, 128, 0, 0, 0.22%, 0, 8, 10, 3267.92
1613503042, 580, 49, 128, 0, 0, 0.22%, 0, 8, 10, 3205.67
1613503047, 581, 2, 128, 0, 0, 0.22%, 0, 8, 10, 3167.92
1613503052, 581, 88, 128, 0, 0, 0.22%, 0, 8, 10, 3171.80
1613503057, 582, 72, 128, 0, 0, 0.22%, 0, 8, 10, 3244.29
1613503062, 583, 25, 128, 0, 0, 0.22%, 0, 8, 10, 3122.33
1613503067, 583, 112, 128, 0, 0, 0.22%, 0, 8, 10, 3153.16
1613503072, 584, 49, 128, 0, 0, 0.22%, 0, 8, 10, 3038.70
1613503077, 585, 2, 128, 0, 0, 0.22%, 0, 8, 10, 3237.11
1613503083, 585, 77, 128, 0, 0, 0.22%, 0, 8, 10, 3231.93
1613503088, 586, 75, 128, 0, 0, 0.22%, 0, 8, 10, 3300.55
1613503093, 587, 47, 128, 0, 0, 0.22%, 0, 8, 10, 3227.85
1613503098, 588, 31, 128, 0, 0, 0.22%, 0, 8, 10, 3272.27
1613503103, 589, 3, 128, 0, 0, 0.22%, 0, 8, 10, 3168.90
1613503108, 589, 75, 128, 0, 0, 0.22%, 0, 8, 10, 3223.14
1613503114, 590, 66, 128, 0, 0, 0.22%, 0, 8, 10, 3265.24
1613503119, 591, 45, 128, 0, 0, 0.22%, 0, 8, 10, 3236.29
1613503124, 592, 20, 128, 0, 0, 0.22%, 0, 8, 10, 3213.44
1613503129, 592, 77, 128, 0, 0, 0.22%, 0, 8, 10, 3111.57
1613503134, 593, 62, 128, 0, 0, 0.22%, 0, 8, 10, 3236.61
1613503140, 594, 25, 128, 0, 0, 0.22%, 0, 8, 10, 3133.26
1613503145, 595, 18, 128, 0, 0, 0.22%, 0, 8, 10, 3249.31
1613503150, 596, 2, 128, 0, 0, 0.22%, 0, 8, 10, 3306.24
1613503155, 596, 78, 128, 0, 0, 0.22%, 0, 8, 10, 3302.71
1613503160, 597, 47, 128, 0, 0, 0.22%, 0, 8, 10, 3298.87
1613503166, 598, 32, 128, 0, 0, 0.22%, 0, 8, 10, 3304.33
1613503171, 599, 2, 128, 0, 0, 0.22%, 0, 8, 10, 3196.19
1613503176, 599, 75, 128, 0, 0, 0.22%, 0, 8, 10, 3285.63
1613503181, 600, 31, 128, 0, 0, 0.22%, 0, 8, 10, 3136.43
1613503186, 600, 77, 128, 0, 0, 0.22%, 0, 8, 10, 3205.67
1613503191, 601, 46, 128, 0, 0, 0.22%, 0, 8, 10, 3247.89
1613503196, 601, 120, 128, 0, 0, 0.22%, 0, 8, 10, 3252.68
1613503202, 602, 75, 128, 0, 0, 0.22%, 0, 8, 10, 3282.13
1613503207, 603, 62, 128, 0, 0, 0.22%, 0, 8, 10, 3232.00
1613503212, 604, 38, 128, 0, 0, 0.22%, 0, 8, 10, 3175.66
1613503217, 605, 26, 128, 0, 0, 0.22%, 0, 8, 10, 3123.46
1613503222, 605, 78, 128, 0, 0, 0.22%, 0, 8, 10, 3239.07
1613503227, 606, 37, 128, 0, 0, 0.22%, 0, 8, 10, 3212.90
1613503233, 607, 20, 128, 0, 0, 0.22%, 0, 8, 10, 3137.57
1613503238, 608, 3, 128, 0, 0, 0.22%, 0, 8, 10, 3254.28
1613503243, 608, 72, 128, 0, 0, 0.22%, 0, 8, 10, 3252.13
1613503248, 609, 37, 128, 0, 0, 0.22%, 0, 8, 10, 3191.73
1613503253, 610, 32, 128, 0, 0, 0.22%, 0, 8, 10, 3265.88
1613503258, 611, 2, 128, 0, 0, 0.22%, 0, 8, 10, 3228.52
1613503263, 611, 97, 128, 0, 0, 0.22%, 0, 8, 10, 3275.94
1613503268, 612, 75, 128, 0, 0, 0.22%, 0, 8, 10, 3277.16
1613503274, 613, 75, 128, 0, 0, 0.22%, 0, 8, 10, 3289.43
1613503279, 614, 11, 128, 0, 0, 0.22%, 0, 8, 10, 3092.40
1613503284, 614, 77, 128, 0, 0, 0.22%, 0, 8, 10, 3206.95
1613503289, 615, 72, 128, 0, 0, 0.22%, 0, 8, 10, 3249.22
1613503294, 616, 43, 128, 0, 0, 0.22%, 0, 8, 10, 3248.45
1613503299, 617, 12, 128, 0, 0, 0.22%, 0, 8, 10, 3143.87
1613503304, 617, 115, 128, 0, 0, 0.22%, 0, 8, 10, 3223.25
1613503310, 618, 72, 128, 0, 0, 0.22%, 0, 8, 10, 3237.88
1613503315, 619, 58, 128, 0, 0, 0.22%, 0, 8, 10, 3244.10
1613503320, 620, 38, 128, 0, 0, 0.22%, 0, 8, 10, 3241.02
1613503325, 621, 31, 128, 0, 0, 0.22%, 0, 8, 10, 3295.22
1613503330, 622, 12, 128, 0, 0, 0.22%, 0, 8, 10, 3249.97
1613503335, 622, 75, 128, 0, 0, 0.22%, 0, 8, 10, 3300.38
1613503340, 623, 58, 128, 0, 0, 0.22%, 0, 8, 10, 3112.00
1613503345, 624, 30, 128, 0, 0, 0.22%, 0, 8, 10, 3176.18
1613503350, 624, 84, 128, 0, 0, 0.22%, 0, 8, 10, 3208.25
1613503356, 625, 49, 128, 0, 0, 0.22%, 0, 8, 10, 3207.85
1613503361, 626, 24, 128, 0, 0, 0.22%, 0, 8, 10, 3075.30
1613503366, 627, 20, 128, 0, 0, 0.22%, 0, 8, 10, 3225.76
1613503371, 627, 106, 128, 0, 0, 0.22%, 0, 8, 10, 3209.33
1613503376, 628, 77, 128, 0, 0, 0.22%, 0, 8, 10, 3241.96
1613503381, 629, 72, 128, 0, 0, 0.22%, 0, 8, 10, 3301.73
1613503386, 630, 38, 128, 0, 0, 0.22%, 0, 8, 10, 2997.61
1613503392, 631, 2, 128, 0, 0, 0.22%, 0, 8, 10, 3131.20
1613503397, 631, 109, 128, 0, 0, 0.22%, 0, 8, 10, 3231.47
1613503402, 632, 67, 128, 0, 0, 0.22%, 0, 8, 10, 3200.21
1613503407, 633, 31, 128, 0, 0, 0.22%, 0, 8, 10, 3252.46
1613503412, 633, 104, 128, 0, 0, 0.22%, 0, 8, 10, 3118.69
1613503417, 634, 75, 128, 0, 0, 0.22%, 0, 8, 10, 3236.40
1613503422, 635, 49, 128, 0, 0, 0.22%, 0, 8, 10, 3147.26
1613503428, 636, 32, 128, 0, 0, 0.22%, 0, 8, 10, 3188.77
1613503433, 637, 4, 128, 0, 0, 0.22%, 0, 8, 10, 3207.13
1613503438, 637, 117, 128, 0, 0, 0.22%, 0, 8, 10, 3139.91
1613503443, 638, 75, 128, 0, 0, 0.22%, 0, 8, 10, 3264.92
1613503448, 639, 58, 128, 0, 0, 0.22%, 0, 8, 10, 2538.97
1613503453, 640, 47, 128, 0, 0, 0.22%, 0, 8, 10, 3169.16
1613503458, 641, 31, 128, 0, 0, 0.22%, 0, 8, 10, 3221.57
1613503463, 642, 2, 128, 0, 0, 0.22%, 0, 8, 10, 3126.63
1613503469, 642, 82, 128, 0, 0, 0.22%, 0, 8, 10, 3260.83
1613503474, 643, 72, 128, 0, 0, 0.22%, 0, 8, 10, 3278.37
1613503479, 644, 72, 128, 0, 0, 0.22%, 0, 8, 10, 3234.67
1613503484, 645, 43, 128, 0, 0, 0.22%, 0, 8, 10, 3211.41
1613503489, 646, 25, 128, 0, 0, 0.22%, 0, 8, 10, 3132.27
1613503494, 646, 83, 128, 0, 0, 0.22%, 0, 8, 10, 3350.00
1613503500, 647, 75, 128, 0, 0, 0.22%, 0, 8, 10, 3290.10
1613503505, 648, 30, 128, 0, 0, 0.22%, 0, 8, 10, 3169.12
1613503510, 648, 79, 128, 0, 0, 0.22%, 0, 8, 10, 3210.01
1613503515, 649, 71, 128, 0, 0, 0.22%, 0, 8, 10, 3281.04
1613503520, 650, 47, 128, 0, 0, 0.22%, 0, 8, 10, 3293.11
1613503525, 651, 2, 128, 0, 0, 0.22%, 0, 8, 10, 3204.51
1613503531, 651, 106, 128, 0, 0, 0.22%, 0, 8, 10, 3264.12
1613503536, 652, 47, 128, 0, 0, 0.22%, 0, 8, 10, 3273.10
1613503541, 652, 110, 128, 0, 0, 0.22%, 0, 8, 10, 3230.63
1613503546, 653, 75, 128, 0, 0, 0.22%, 0, 8, 10, 3266.82
1613503551, 654, 70, 128, 0, 0, 0.22%, 0, 8, 10, 3242.32
1613503556, 655, 16, 128, 0, 0, 0.22%, 0, 8, 10, 3167.50
1613503561, 655, 83, 128, 0, 0, 0.22%, 0, 8, 10, 3117.27
1613503567, 656, 50, 128, 0, 0, 0.22%, 0, 8, 10, 3150.05
1613503572, 657, 43, 128, 0, 0, 0.22%, 0, 8, 10, 3280.57
1613503577, 658, 24, 128, 0, 0, 0.22%, 0, 8, 10, 3153.07
1613503582, 658, 113, 128, 0, 0, 0.22%, 0, 8, 10, 3153.91
1613503587, 659, 72, 128, 0, 0, 0.22%, 0, 8, 10, 3136.65
1613503592, 660, 49, 128, 0, 0, 0.22%, 0, 8, 10, 3216.66
1613503597, 661, 31, 128, 0, 0, 0.22%, 0, 8, 10, 3194.52
1613503602, 662, 24, 128, 0, 0, 0.22%, 0, 8, 10, 3233.62
1613503607, 662, 99, 128, 0, 0, 0.22%, 0, 8, 10, 3268.60
1613503612, 663, 71, 128, 0, 0, 0.22%, 0, 8, 10, 3273.00
1613503617, 664, 38, 128, 0, 0, 0.22%, 0, 8, 10, 3287.84
1613503623, 665, 11, 128, 0, 0, 0.22%, 0, 8, 10, 2735.55
1613503628, 665, 97, 128, 0, 0, 0.22%, 0, 8, 10, 3159.93
1613503633, 666, 72, 128, 0, 0, 0.22%, 0, 8, 10, 3280.45
1613503638, 667, 30, 128, 0, 0, 0.22%, 0, 8, 10, 3274.58
1613503643, 667, 104, 128, 0, 0, 0.22%, 0, 8, 10, 3206.61
1613503648, 668, 75, 128, 0, 0, 0.22%, 0, 8, 10, 3256.88
1613503653, 669, 72, 128, 0, 0, 0.22%, 0, 8, 10, 3262.21
1613503659, 670, 31, 128, 0, 0, 0.22%, 0, 8, 10, 3229.41
1613503664, 670, 97, 128, 0, 0, 0.22%, 0, 8, 10, 3292.45
1613503669, 671, 77, 128, 0, 0, 0.22%, 0, 8, 10, 3286.21
1613503674, 672, 67, 128, 0, 0, 0.22%, 0, 8, 10, 3235.05
1613503679, 673, 17, 128, 0, 0, 0.22%, 0, 8, 10, 3245.30
1613503684, 673, 82, 128, 0, 0, 0.22%, 0, 8, 10, 3237.82
1613503689, 674, 75, 128, 0, 0, 0.22%, 0, 8, 10, 3290.90
1613503695, 675, 58, 128, 0, 0, 0.22%, 0, 8, 10, 3233.12
1613503700, 676, 47, 128, 0, 0, 0.22%, 0, 8, 10, 3254.78
1613503705, 677, 3, 128, 0, 0, 0.22%, 0, 8, 10, 3154.19
1613503710, 677, 84, 128, 0, 0, 0.22%, 0, 8, 10, 3236.08
1613503715, 678, 72, 128, 0, 0, 0.22%, 0, 8, 10, 3282.22
1613503720, 679, 58, 128, 0, 0, 0.22%, 0, 8, 10, 3156.33
1613503725, 680, 38, 128, 0, 0, 0.22%, 0, 8, 10, 3179.51
1613503731, 680, 127, 128, 0, 0, 0.22%, 0, 8, 10, 3067.47
1613503736, 681, 75, 128, 0, 0, 0.22%, 0, 8, 10, 3230.55
1613503741, 682, 38, 128, 0, 0, 0.22%, 0, 8, 10, 3151.29
1613503746, 683, 5, 128, 0, 0, 0.22%, 0, 8, 10, 3232.14
1613503751, 683, 127, 128, 0, 0, 0.22%, 0, 8, 10, 3211.91
1613503757, 684, 58, 128, 0, 0, 0.22%, 0, 8, 10, 3267.50
1613503762, 685, 30, 128, 0, 0, 0.22%, 0, 8, 10, 3229.71
1613503767, 685, 117, 128, 0, 0, 0.22%, 0, 8, 10, 3145.15
1613503772, 686, 70, 128, 0, 0, 0.22%, 0, 8, 10, 3203.43
1613503777, 687, 2, 128, 0, 0, 0.22%, 0, 8, 10, 3193.13
1613503782, 687, 75, 128, 0, 0, 0.22%, 0, 8, 10, 3264.44
1613503787, 688, 31, 128, 0, 0, 0.22%, 0, 8, 10, 3048.13
1613503793, 688, 127, 128, 0, 0, 0.22%, 0, 8, 10, 3093.88
1613503798, 689, 75, 128, 0, 0, 0.22%, 0, 8, 10, 3280.13
1613503803, 690, 72, 128, 0, 0, 0.22%, 0, 8, 10, 3278.59
1613503808, 691, 55, 128, 0, 0, 0.22%, 0, 8, 10, 3250.90
1613503813, 692, 43, 128, 0, 0, 0.22%, 0, 8, 10, 3285.46
1613503818, 692, 110, 128, 0, 0, 0.22%, 0, 8, 10, 3240.32
1613503824, 693, 77, 128, 0, 0, 0.22%, 0, 8, 10, 3263.85
1613503829, 694, 62, 128, 0, 0, 0.22%, 0, 8, 10, 3264.00
1613503834, 695, 30, 128, 0, 0, 0.22%, 0, 8, 10, 3178.80
1613503839, 696, 3, 128, 0, 0, 0.22%, 0, 8, 10, 3153.02
1613503844, 696, 73, 128, 0, 0, 0.22%, 0, 8, 10, 3252.51
1613503849, 697, 71, 128, 0, 0, 0.22%, 0, 8, 10, 3304.50
1613503855, 698, 43, 128, 0, 0, 0.22%, 0, 8, 10, 3292.83
1613503860, 699, 15, 128, 0, 0, 0.22%, 0, 8, 10, 3284.43
1613503865, 699, 75, 128, 0, 0, 0.22%, 0, 8, 10, 3211.26
1613503870, 700, 75, 128, 0, 0, 0.22%, 0, 8, 10, 3242.81
1613503875, 701, 75, 128, 0, 0, 0.22%, 0, 8, 10, 3254.28
1613503880, 702, 72, 128, 0, 0, 0.22%, 0, 8, 10, 3242.50
1613503885, 703, 32, 128, 0, 0, 0.22%, 0, 8, 10, 3201.76
1613503891, 704, 17, 128, 0, 0, 0.22%, 0, 8, 10, 3159.76
1613503896, 704, 87, 128, 0, 0, 0.22%, 0, 8, 10, 3250.52
1613503901, 705, 75, 128, 0, 0, 0.22%, 0, 8, 10, 3264.80
1613503906, 706, 52, 128, 0, 0, 0.22%, 0, 8, 10, 3259.37
1613503911, 706, 127, 128, 0, 0, 0.22%, 0, 8, 10, 3140.12
1613503916, 707, 75, 128, 0, 0, 0.22%, 0, 8, 10, 3258.12
1613503921, 708, 72, 128, 0, 0, 0.22%, 0, 8, 10, 3184.91
1613503926, 709, 58, 128, 0, 0, 0.22%, 0, 8, 10, 3216.06
1613503932, 710, 12, 128, 0, 0, 0.22%, 0, 8, 10, 3186.10
1613503937, 710, 75, 128, 0, 0, 0.22%, 0, 8, 10, 3246.82
1613503942, 711, 72, 128, 0, 0, 0.22%, 0, 8, 10, 3278.20
1613503947, 711, 123, 128, 0, 0, 0.22%, 0, 8, 10, 3131.29
1613503952, 712, 96, 128, 0, 0, 0.22%, 0, 8, 10, 3236.13
1613503957, 713, 72, 128, 0, 0, 0.22%, 0, 8, 10, 3320.48
1613503962, 714, 43, 128, 0, 0, 0.22%, 0, 8, 10, 3289.08
1613503967, 715, 30, 128, 0, 0, 0.22%, 0, 8, 10, 3299.80
1613503973, 715, 92, 128, 0, 0, 0.22%, 0, 8, 10, 3252.51
1613503978, 716, 72, 128, 0, 0, 0.22%, 0, 8, 10, 3255.18
1613503983, 717, 20, 128, 0, 0, 0.22%, 0, 8, 10, 3219.28
1613503988, 717, 116, 128, 0, 0, 0.22%, 0, 8, 10, 2989.17
1613503993, 718, 72, 128, 0, 0, 0.22%, 0, 8, 10, 3166.42
1613503998, 719, 47, 128, 0, 0, 0.22%, 0, 8, 10, 3249.94
1613504003, 719, 127, 128, 0, 0, 0.22%, 0, 8, 10, 3141.25
1613504008, 720, 77, 128, 0, 0, 0.22%, 0, 8, 10, 3259.09
1613504014, 721, 72, 128, 0, 0, 0.22%, 0, 8, 10, 3274.18
1613504019, 722, 72, 128, 0, 0, 0.22%, 0, 8, 10, 3254.60
1613504024, 723, 12, 128, 0, 0, 0.22%, 0, 8, 10, 2782.30
1613504029, 723, 85, 128, 0, 0, 0.22%, 0, 8, 10, 3354.88
1613504034, 724, 72, 128, 0, 0, 0.22%, 0, 8, 10, 3287.54
1613504039, 725, 43, 128, 0, 0, 0.22%, 0, 8, 10, 3263.55
1613504045, 726, 31, 128, 0, 0, 0.22%, 0, 8, 10, 3150.47
1613504050, 726, 90, 128, 0, 0, 0.22%, 0, 8, 10, 3244.11
1613504055, 727, 68, 128, 0, 0, 0.22%, 0, 8, 10, 3201.95
1613504060, 728, 25, 128, 0, 0, 0.22%, 0, 8, 10, 3267.04
1613504065, 728, 83, 128, 0, 0, 0.22%, 0, 8, 10, 3149.53
1613504070, 729, 72, 128, 0, 0, 0.22%, 0, 8, 10, 3221.62
1613504076, 730, 58, 128, 0, 0, 0.22%, 0, 8, 10, 3201.70
1613504081, 730, 127, 128, 0, 0, 0.22%, 0, 8, 10, 3160.88
1613504086, 731, 66, 128, 0, 0, 0.22%, 0, 8, 10, 3248.29
1613504091, 732, 3, 128, 0, 0, 0.22%, 0, 8, 10, 3215.55
1613504096, 732, 75, 128, 0, 0, 0.22%, 0, 8, 10, 3284.54
1613504101, 733, 72, 128, 0, 0, 0.22%, 0, 8, 10, 3233.10
1613504106, 734, 43, 128, 0, 0, 0.22%, 0, 8, 10, 3131.01
1613504112, 735, 31, 128, 0, 0, 0.22%, 0, 8, 10, 3200.62
1613504117, 735, 116, 128, 0, 0, 0.22%, 0, 8, 10, 3147.71
1613504122, 736, 72, 128, 0, 0, 0.22%, 0, 8, 10, 3202.48
1613504127, 737, 43, 128, 0, 0, 0.22%, 0, 8, 10, 3271.73
1613504132, 737, 99, 128, 0, 0, 0.22%, 0, 8, 10, 3277.22
1613504137, 738, 68, 128, 0, 0, 0.22%, 0, 8, 10, 3191.33
1613504142, 739, 31, 128, 0, 0, 0.22%, 0, 8, 10, 3207.30
1613504148, 740, 3, 128, 0, 0, 0.22%, 0, 8, 10, 3187.68
1613504153, 740, 75, 128, 0, 0, 0.22%, 0, 8, 10, 3245.97
1613504158, 741, 50, 128, 0, 0, 0.22%, 0, 8, 10, 3224.16
1613504163, 742, 31, 128, 0, 0, 0.22%, 0, 8, 10, 3296.88
1613504168, 743, 2, 128, 0, 0, 0.22%, 0, 8, 10, 3137.70
1613504173, 743, 75, 128, 0, 0, 0.22%, 0, 8, 10, 3241.46
1613504178, 744, 50, 128, 0, 0, 0.22%, 0, 8, 10, 3204.38
1613504184, 745, 43, 128, 0, 0, 0.22%, 0, 8, 10, 3242.11
1613504189, 746, 20, 128, 0, 0, 0.22%, 0, 8, 10, 3170.91
1613504194, 746, 92, 128, 0, 0, 0.22%, 0, 8, 10, 3297.96
1613504199, 747, 58, 128, 0, 0, 0.22%, 0, 8, 10, 3225.90
1613504204, 748, 47, 128, 0, 0, 0.22%, 0, 8, 10, 3211.40
1613504209, 749, 24, 128, 0, 0, 0.22%, 0, 8, 10, 3213.08
1613504214, 749, 98, 128, 0, 0, 0.22%, 0, 8, 10, 3175.87
1613504219, 750, 50, 128, 0, 0, 0.22%, 0, 8, 10, 3198.06
1613504225, 750, 78, 128, 0, 0, 0.22%, 0, 8, 10, 3158.51
1613504230, 751, 72, 128, 0, 0, 0.22%, 0, 8, 10, 3216.99
1613504235, 752, 50, 128, 0, 0, 0.22%, 0, 8, 10, 3086.33
1613504240, 753, 50, 128, 0, 0, 0.22%, 0, 8, 10, 3237.36
1613504245, 754, 38, 128, 0, 0, 0.22%, 0, 8, 10, 3347.61
1613504250, 755, 7, 128, 0, 0, 0.22%, 0, 8, 10, 3216.40
1613504255, 755, 76, 128, 0, 0, 0.22%, 0, 8, 10, 3282.15
1613504260, 756, 30, 128, 0, 0, 0.22%, 0, 8, 10, 3076.81
1613504265, 756, 103, 128, 0, 0, 0.22%, 0, 8, 10, 3165.54
1613504270, 757, 75, 128, 0, 0, 0.22%, 0, 8, 10, 3230.79
1613504276, 758, 50, 128, 0, 0, 0.22%, 0, 8, 10, 3253.45
1613504281, 759, 32, 128, 0, 0, 0.22%, 0, 8, 10, 3268.83
1613504286, 760, 0, 128, 0, 0, 0.22%, 0, 8, 10, 3233.61
1613504291, 760, 77, 128, 0, 0, 0.22%, 0, 8, 10, 3219.37
1613504296, 761, 75, 128, 0, 0, 0.22%, 0, 8, 10, 3276.98
1613504301, 762, 73, 128, 0, 0, 0.22%, 0, 8, 10, 3240.12
1613504307, 763, 50, 128, 0, 0, 0.22%, 0, 8, 10, 3210.07
1613504312, 764, 14, 128, 0, 0, 0.22%, 0, 8, 10, 3235.12
1613504317, 764, 77, 128, 0, 0, 0.22%, 0, 8, 10, 3190.08
1613504322, 765, 72, 128, 0, 0, 0.22%, 0, 8, 10, 3160.05
1613504327, 766, 38, 128, 0, 0, 0.22%, 0, 8, 10, 3174.03
1613504332, 767, 12, 128, 0, 0, 0.22%, 0, 8, 10, 3116.15
1613504338, 767, 91, 128, 0, 0, 0.22%, 0, 8, 10, 3232.07
1613504343, 768, 58, 128, 0, 0, 0.22%, 0, 8, 10, 3245.66
1613504348, 769, 32, 128, 0, 0, 0.22%, 0, 8, 10, 3233.27
1613504353, 770, 22, 128, 0, 0, 0.22%, 0, 8, 10, 3002.10
1613504358, 771, 3, 128, 0, 0, 0.22%, 0, 8, 10, 3158.03
1613504363, 771, 79, 128, 0, 0, 0.22%, 0, 8, 10, 3253.16
1613504368, 772, 72, 128, 0, 0, 0.22%, 0, 8, 10, 3280.47
1613504373, 773, 38, 128, 0, 0, 0.22%, 0, 8, 10, 3140.29
1613504379, 774, 3, 128, 0, 0, 0.22%, 0, 8, 10, 3240.08
1613504384, 774, 76, 128, 0, 0, 0.22%, 0, 8, 10, 3254.96
1613504389, 775, 72, 128, 0, 0, 0.22%, 0, 8, 10, 3209.86
1613504394, 776, 43, 128, 0, 0, 0.22%, 0, 8, 10, 3238.74
1613504399, 776, 122, 128, 0, 0, 0.22%, 0, 8, 10, 2983.29
1613504404, 777, 75, 128, 0, 0, 0.22%, 0, 8, 10, 3206.18
1613504409, 778, 75, 128, 0, 0, 0.22%, 0, 8, 10, 3195.40
1613504414, 779, 43, 128, 0, 0, 0.22%, 0, 8, 10, 3217.52
1613504420, 780, 38, 128, 0, 0, 0.22%, 0, 8, 10, 3277.91
1613504425, 781, 3, 128, 0, 0, 0.22%, 0, 8, 10, 3245.31
1613504430, 781, 75, 128, 0, 0, 0.22%, 0, 8, 10, 3265.57
1613504435, 782, 50, 128, 0, 0, 0.22%, 0, 8, 10, 3267.59
1613504440, 783, 2, 128, 0, 0, 0.22%, 0, 8, 10, 3040.81
1613504445, 783, 77, 128, 0, 0, 0.22%, 0, 8, 10, 3057.17
1613504450, 784, 75, 128, 0, 0, 0.22%, 0, 8, 10, 3227.71
1613504456, 785, 58, 128, 0, 0, 0.22%, 0, 8, 10, 3278.80
1613504461, 786, 38, 128, 0, 0, 0.22%, 0, 8, 10, 3254.04
1613504466, 787, 25, 128, 0, 0, 0.22%, 0, 8, 10, 3227.86
1613504471, 787, 82, 128, 0, 0, 0.22%, 0, 8, 10, 3175.31
1613504476, 788, 72, 128, 0, 0, 0.22%, 0, 8, 10, 3091.39
1613504481, 789, 72, 128, 0, 0, 0.22%, 0, 8, 10, 3220.73
1613504486, 790, 72, 128, 0, 0, 0.22%, 0, 8, 10, 3236.24
1613504491, 791, 9, 128, 0, 0, 0.22%, 0, 8, 10, 3201.13
1613504497, 791, 123, 128, 0, 0, 0.22%, 0, 8, 10, 3155.13
1613504502, 792, 75, 128, 0, 0, 0.22%, 0, 8, 10, 3273.74
1613504507, 793, 58, 128, 0, 0, 0.22%, 0, 8, 10, 3275.95
1613504512, 794, 31, 128, 0, 0, 0.22%, 0, 8, 10, 3275.23
1613504517, 794, 96, 128, 0, 0, 0.22%, 0, 8, 10, 3233.77
1613504522, 795, 47, 128, 0, 0, 0.22%, 0, 8, 10, 3266.88
1613504527, 796, 32, 128, 0, 0, 0.22%, 0, 8, 10, 3290.94
1613504532, 796, 98, 128, 0, 0, 0.22%, 0, 8, 10, 3291.04
1613504538, 797, 74, 128, 0, 0, 0.22%, 0, 8, 10, 3267.34
1613504543, 798, 2, 128, 0, 0, 0.22%, 0, 8, 10, 2932.75
1613504548, 798, 75, 128, 0, 0, 0.22%, 0, 8, 10, 3135.64
1613504553, 799, 75, 128, 0, 0, 0.22%, 0, 8, 10, 3266.27
1613504558, 800, 47, 128, 0, 0, 0.22%, 0, 8, 10, 3253.69
1613504563, 801, 3, 128, 0, 0, 0.22%, 0, 8, 10, 2940.48
1613504568, 801, 82, 128, 0, 0, 0.22%, 0, 8, 10, 3161.81
1613504574, 802, 38, 128, 0, 0, 0.22%, 0, 8, 10, 3168.56
1613504579, 803, 1, 128, 0, 0, 0.22%, 0, 8, 10, 2984.70
1613504584, 803, 72, 128, 0, 0, 0.22%, 0, 8, 10, 3233.34
1613504589, 804, 46, 128, 0, 0, 0.22%, 0, 8, 10, 3251.58
1613504594, 805, 20, 128, 0, 0, 0.22%, 0, 8, 10, 3106.16
1613504599, 805, 106, 128, 0, 0, 0.22%, 0, 8, 10, 3159.76
1613504605, 806, 49, 128, 0, 0, 0.22%, 0, 8, 10, 3167.19
1613504610, 807, 12, 128, 0, 0, 0.22%, 0, 8, 10, 3253.26
1613504615, 807, 120, 128, 0, 0, 0.22%, 0, 8, 10, 3202.08
1613504620, 808, 75, 128, 0, 0, 0.22%, 0, 8, 10, 3259.95
1613504625, 809, 72, 128, 0, 0, 0.22%, 0, 8, 10, 3265.88
1613504630, 810, 30, 128, 0, 0, 0.22%, 0, 8, 10, 3201.73
1613504635, 810, 118, 128, 0, 0, 0.22%, 0, 8, 10, 3173.61
1613504641, 811, 75, 128, 0, 0, 0.22%, 0, 8, 10, 3220.83
1613504646, 812, 70, 128, 0, 0, 0.22%, 0, 8, 10, 3205.69
1613504651, 813, 32, 128, 0, 0, 0.22%, 0, 8, 10, 3247.44
1613504656, 813, 114, 128, 0, 0, 0.22%, 0, 8, 10, 3217.67
1613504661, 814, 75, 128, 0, 0, 0.22%, 0, 8, 10, 3124.20
1613504666, 815, 49, 128, 0, 0, 0.22%, 0, 8, 10, 3216.40
1613504671, 816, 25, 128, 0, 0, 0.22%, 0, 8, 10, 3214.43
1613504676, 816, 83, 128, 0, 0, 0.22%, 0, 8, 10, 3208.76
1613504681, 817, 75, 128, 0, 0, 0.22%, 0, 8, 10, 3255.16
1613504686, 818, 43, 128, 0, 0, 0.22%, 0, 8, 10, 3250.13
1613504692, 819, 11, 128, 0, 0, 0.22%, 0, 8, 10, 3231.46
1613504697, 819, 78, 128, 0, 0, 0.22%, 0, 8, 10, 3210.06
1613504702, 820, 31, 128, 0, 0, 0.22%, 0, 8, 10, 3102.60
1613504707, 820, 127, 128, 0, 0, 0.22%, 0, 8, 10, 3123.70
1613504712, 821, 75, 128, 0, 0, 0.22%, 0, 8, 10, 3256.83
1613504717, 822, 58, 128, 0, 0, 0.22%, 0, 8, 10, 3268.36
1613504722, 823, 30, 128, 0, 0, 0.22%, 0, 8, 10, 3280.66
1613504728, 824, 12, 128, 0, 0, 0.22%, 0, 8, 10, 3243.58
1613504733, 824, 79, 128, 0, 0, 0.22%, 0, 8, 10, 3272.14
1613504738, 825, 47, 128, 0, 0, 0.22%, 0, 8, 10, 3300.30
1613504743, 826, 20, 128, 0, 0, 0.22%, 0, 8, 10, 3242.69
1613504748, 826, 118, 128, 0, 0, 0.22%, 0, 8, 10, 3242.58
1613504753, 827, 72, 128, 0, 0, 0.22%, 0, 8, 10, 3237.70
1613504758, 828, 43, 128, 0, 0, 0.22%, 0, 8, 10, 3268.82
1613504763, 829, 38, 128, 0, 0, 0.22%, 0, 8, 10, 3277.16
1613504769, 830, 12, 128, 0, 0, 0.22%, 0, 8, 10, 3119.73
1613504774, 830, 77, 128, 0, 0, 0.22%, 0, 8, 10, 3212.30
1613504779, 831, 104, 128, 0, 0, 0.22%, 0, 8, 10, 3284.91
1613504784, 832, 58, 128, 0, 0, 0.22%, 0, 8, 10, 3202.37
1613504789, 833, 35, 128, 0, 0, 0.22%, 0, 8, 10, 3255.33
1613504794, 834, 2, 128, 0, 0, 0.22%, 0, 8, 10, 3041.45
1613504800, 834, 75, 128, 0, 0, 0.22%, 0, 8, 10, 3237.04
1613504805, 835, 72, 128, 0, 0, 0.22%, 0, 8, 10, 3271.54
1613504810, 836, 24, 128, 0, 0, 0.22%, 0, 8, 10, 3212.01
1613504815, 837, 2, 128, 0, 0, 0.22%, 0, 8, 10, 2851.93
1613504820, 837, 75, 128, 0, 0, 0.22%, 0, 8, 10, 3199.21
1613504825, 838, 38, 128, 0, 0, 0.22%, 0, 8, 10, 3259.98
1613504830, 839, 8, 128, 0, 0, 0.22%, 0, 8, 10, 3241.91
1613504835, 839, 77, 128, 0, 0, 0.22%, 0, 8, 10, 3113.27
1613504841, 840, 72, 128, 0, 0, 0.22%, 0, 8, 10, 3183.85
1613504846, 841, 49, 128, 0, 0, 0.22%, 0, 8, 10, 3173.24
1613504851, 842, 43, 128, 0, 0, 0.22%, 0, 8, 10, 3227.69
1613504856, 843, 13, 128, 0, 0, 0.22%, 0, 8, 10, 3122.20
1613504861, 843, 75, 128, 0, 0, 0.22%, 0, 8, 10, 3269.70
1613504866, 844, 71, 128, 0, 0, 0.22%, 0, 8, 10, 3238.11
1613504871, 844, 99, 128, 0, 0, 0.22%, 0, 8, 10, 3268.92
1613504877, 845, 72, 128, 0, 0, 0.22%, 0, 8, 10, 3250.19
1613504882, 846, 47, 128, 0, 0, 0.22%, 0, 8, 10, 3267.45
1613504887, 846, 117, 128, 0, 0, 0.22%, 0, 8, 10, 3017.08
1613504892, 847, 73, 128, 0, 0, 0.22%, 0, 8, 10, 3178.52
1613504897, 848, 49, 128, 0, 0, 0.22%, 0, 8, 10, 3218.75
1613504902, 849, 3, 128, 0, 0, 0.22%, 0, 8, 10, 3038.54
1613504907, 850, 2, 128, 0, 0, 0.22%, 0, 8, 10, 3265.90
1613504912, 850, 85, 128, 0, 0, 0.22%, 0, 8, 10, 3254.23
1613504918, 851, 58, 128, 0, 0, 0.22%, 0, 8, 10, 3312.34
1613504923, 852, 11, 128, 0, 0, 0.22%, 0, 8, 10, 3291.60
1613504928, 852, 72, 128, 0, 0, 0.22%, 0, 8, 10, 3257.46
1613504933, 853, 38, 128, 0, 0, 0.22%, 0, 8, 10, 3289.63
1613504938, 854, 11, 128, 0, 0, 0.22%, 0, 8, 10, 3137.18
1613504943, 854, 80, 128, 0, 0, 0.22%, 0, 8, 10, 3243.86
1613504948, 855, 66, 128, 0, 0, 0.22%, 0, 8, 10, 3270.86
1613504953, 856, 31, 128, 0, 0, 0.22%, 0, 8, 10, 3195.90
1613504958, 856, 100, 128, 0, 0, 0.22%, 0, 8, 10, 3126.50
1613504964, 857, 75, 128, 0, 0, 0.22%, 0, 8, 10, 3263.59
1613504969, 858, 49, 128, 0, 0, 0.22%, 0, 8, 10, 3259.46
1613504974, 859, 30, 128, 0, 0, 0.22%, 0, 8, 10, 3264.10
1613504979, 860, 3, 128, 0, 0, 0.22%, 0, 8, 10, 3183.12
1613504984, 861, 3, 128, 0, 0, 0.22%, 0, 8, 10, 3236.80
1613504989, 861, 81, 128, 0, 0, 0.22%, 0, 8, 10, 3410.89
1613504994, 862, 72, 128, 0, 0, 0.22%, 0, 8, 10, 3305.25
1613504999, 863, 38, 128, 0, 0, 0.22%, 0, 8, 10, 3254.40
1613505004, 864, 43, 128, 0, 0, 0.22%, 0, 8, 10, 3303.96
1613505010, 865, 20, 128, 0, 0, 0.22%, 0, 8, 10, 3247.01
1613505015, 866, 3, 128, 0, 0, 0.22%, 0, 8, 10, 3266.43
1613505020, 866, 76, 128, 0, 0, 0.22%, 0, 8, 10, 3218.42
1613505025, 867, 58, 128, 0, 0, 0.22%, 0, 8, 10, 3162.86
1613505030, 868, 38, 128, 0, 0, 0.22%, 0, 8, 10, 3242.95
1613505035, 868, 95, 128, 0, 0, 0.22%, 0, 8, 10, 3201.22
1613505041, 869, 58, 128, 0, 0, 0.22%, 0, 8, 10, 3203.87
1613505046, 870, 38, 128, 0, 0, 0.22%, 0, 8, 10, 3282.24
1613505051, 871, 31, 128, 0, 0, 0.22%, 0, 8, 10, 3221.57
1613505056, 872, 30, 128, 0, 0, 0.22%, 0, 8, 10, 3256.52
1613505061, 872, 82, 128, 0, 0, 0.22%, 0, 8, 10, 3214.31
1613505066, 873, 43, 128, 0, 0, 0.22%, 0, 8, 10, 3207.73
1613505071, 874, 24, 128, 0, 0, 0.22%, 0, 8, 10, 3232.16
1613505076, 874, 75, 128, 0, 0, 0.22%, 0, 8, 10, 3211.71
1613505082, 875, 38, 128, 0, 0, 0.22%, 0, 8, 10, 3197.70
1613505087, 876, 11, 128, 0, 0, 0.22%, 0, 8, 10, 3233.61
1613505092, 876, 77, 128, 0, 0, 0.22%, 0, 8, 10, 3248.44
1613505097, 877, 43, 128, 0, 0, 0.22%, 0, 8, 10, 3210.82
1613505102, 878, 30, 128, 0, 0, 0.22%, 0, 8, 10, 3115.58
1613505107, 879, 20, 128, 0, 0, 0.22%, 0, 8, 10, 3247.73
1613505113, 879, 99, 128, 0, 0, 0.22%, 0, 8, 10, 3208.75
1613505118, 880, 72, 128, 0, 0, 0.22%, 0, 8, 10, 3241.11
1613505123, 881, 25, 128, 0, 0, 0.22%, 0, 8, 10, 3164.18
1613505128, 882, 25, 128, 0, 0, 0.22%, 0, 8, 10, 3215.20
1613505133, 883, 3, 128, 0, 0, 0.22%, 0, 8, 10, 3311.56
1613505138, 883, 94, 128, 0, 0, 0.22%, 0, 8, 10, 3162.76
1613505143, 884, 75, 128, 0, 0, 0.22%, 0, 8, 10, 3242.91
1613505148, 885, 72, 128, 0, 0, 0.22%, 0, 8, 10, 3283.86
1613505154, 886, 49, 128, 0, 0, 0.22%, 0, 8, 10, 3275.14
1613505159, 887, 43, 128, 0, 0, 0.22%, 0, 8, 10, 3248.81
1613505164, 888, 2, 128, 0, 0, 0.22%, 0, 8, 10, 3197.93
1613505169, 888, 75, 128, 0, 0, 0.22%, 0, 8, 10, 3239.49
1613505174, 889, 49, 128, 0, 0, 0.22%, 0, 8, 10, 3210.42
1613505179, 890, 30, 128, 0, 0, 0.22%, 0, 8, 10, 3281.12
1613505185, 890, 116, 128, 0, 0, 0.22%, 0, 8, 10, 3074.78
1613505190, 891, 75, 128, 0, 0, 0.22%, 0, 8, 10, 3231.71
1613505195, 892, 75, 128, 0, 0, 0.22%, 0, 8, 10, 3273.36
1613505200, 893, 58, 128, 0, 0, 0.22%, 0, 8, 10, 3246.75
1613505205, 894, 32, 128, 0, 0, 0.22%, 0, 8, 10, 3238.37
1613505210, 894, 108, 128, 0, 0, 0.22%, 0, 8, 10, 3253.71
1613505215, 895, 58, 128, 0, 0, 0.22%, 0, 8, 10, 3250.15
1613505220, 896, 38, 128, 0, 0, 0.22%, 0, 8, 10, 3203.76
1613505225, 897, 8, 128, 0, 0, 0.22%, 0, 8, 10, 3032.22
1613505230, 897, 95, 128, 0, 0, 0.22%, 0, 8, 10, 3200.90
1613505235, 898, 58, 128, 0, 0, 0.22%, 0, 8, 10, 3113.42
1613505240, 899, 11, 128, 0, 0, 0.22%, 0, 8, 10, 3130.98
1613505246, 899, 78, 128, 0, 0, 0.22%, 0, 8, 10, 3217.50
1613505251, 900, 72, 128, 0, 0, 0.22%, 0, 8, 10, 3268.36
1613505256, 901, 41, 128, 0, 0, 0.22%, 0, 8, 10, 3282.50
1613505261, 902, 12, 128, 0, 0, 0.22%, 0, 8, 10, 3152.51
1613505266, 902, 93, 128, 0, 0, 0.22%, 0, 8, 10, 2625.00
1613505271, 903, 58, 128, 0, 0, 0.22%, 0, 8, 10, 3116.96
1613505276, 904, 47, 128, 0, 0, 0.22%, 0, 8, 10, 3235.64
1613505281, 904, 116, 128, 0, 0, 0.22%, 0, 8, 10, 3037.88
1613505287, 905, 75, 128, 0, 0, 0.22%, 0, 8, 10, 3224.69
1613505292, 906, 72, 128, 0, 0, 0.22%, 0, 8, 10, 3301.13
1613505297, 907, 47, 128, 0, 0, 0.22%, 0, 8, 10, 3308.95
1613505302, 908, 19, 128, 0, 0, 0.22%, 0, 8, 10, 3273.20
1613505307, 908, 102, 128, 0, 0, 0.22%, 0, 8, 10, 3259.23
1613505312, 909, 72, 128, 0, 0, 0.22%, 0, 8, 10, 3285.60
1613505318, 910, 49, 128, 0, 0, 0.22%, 0, 8, 10, 3165.37
1613505323, 911, 30, 128, 0, 0, 0.22%, 0, 8, 10, 3260.98
1613505328, 911, 92, 128, 0, 0, 0.22%, 0, 8, 10, 3292.18
1613505333, 912, 32, 128, 0, 0, 0.22%, 0, 8, 10, 3176.06
1613505338, 912, 118, 128, 0, 0, 0.22%, 0, 8, 10, 3247.74
1613505343, 913, 72, 128, 0, 0, 0.22%, 0, 8, 10, 3262.22
1613505348, 914, 61, 128, 0, 0, 0.22%, 0, 8, 10, 3247.62
1613505353, 915, 40, 128, 0, 0, 0.22%, 0, 8, 10, 3243.62
1613505358, 916, 2, 128, 0, 0, 0.22%, 0, 8, 10, 2961.18
