# unix_time, cycles_done, cur_path, paths_total, pending_total, pending_favs, map_size, unique_crashes, unique_hangs, max_depth, execs_per_sec
1613498210, 0, 0, 5, 5, 5, 0.16%, 0, 0, 1, 2500.00
1613498215, 0, 0, 42, 42, 5, 0.21%, 0, 0, 2, 3162.19
1613498220, 0, 0, 44, 44, 5, 0.21%, 0, 0, 2, 3191.48
1613498225, 0, 2, 50, 48, 20, 0.21%, 0, 0, 2, 3309.96
1613498230, 0, 4, 57, 53, 18, 0.21%, 0, 0, 2, 3286.91
1613498236, 0, 4, 58, 54, 18, 0.21%, 0, 1, 2, 384.42
1613498241, 0, 15, 58, 49, 14, 0.21%, 0, 1, 2, 3301.65
1613498246, 0, 24, 59, 48, 13, 0.22%, 0, 1, 3, 3384.04
1613498251, 0, 36, 60, 45, 9, 0.22%, 0, 1, 3, 3392.85
1613498256, 0, 46, 60, 42, 7, 0.22%, 0, 1, 3, 3394.03
1613498261, 0, 53, 60, 38, 3, 0.22%, 0, 1, 3, 3298.13
1613498266, 0, 59, 60, 36, 1, 0.22%, 0, 1, 3, 3175.64
1613498271, 1, 12, 60, 34, 0, 0.22%, 0, 1, 3, 3187.81
1613498276, 1, 16, 60, 32, 0, 0.22%, 0, 1, 3, 3140.38
1613498281, 1, 45, 62, 32, 0, 0.22%, 0, 1, 3, 3122.22
1613498286, 2, 6, 63, 31, 0, 0.22%, 0, 1, 4, 3138.12
1613498292, 2, 38, 63, 29, 0, 0.22%, 0, 1, 4, 3162.92
1613498297, 2, 40, 63, 28, 0, 0.22%, 0, 2, 4, 2780.58
1613498302, 2, 57, 64, 27, 0, 0.22%, 0, 2, 4, 3045.21
1613498307, 2, 60, 69, 31, 0, 0.22%, 0, 2, 4, 3059.53
1613498312, 2, 65, 69, 30, 0, 0.22%, 0, 2, 4, 3055.84
1613498317, 2, 68, 70, 30, 0, 0.22%, 0, 2, 4, 3053.14
1613498322, 3, 22, 70, 28, 0, 0.22%, 0, 2, 4, 3096.87
1613498327, 3, 41, 70, 26, 0, 0.22%, 0, 2, 4, 3111.93
1613498332, 3, 56, 71, 26, 0, 0.22%, 0, 2, 4, 3067.60
1613498337, 3, 64, 71, 25, 0, 0.22%, 0, 2, 4, 3065.73
1613498342, 4, 19, 71, 23, 0, 0.22%, 0, 3, 4, 3104.78
1613498347, 4, 35, 71, 21, 0, 0.22%, 0, 3, 4, 3136.76
1613498352, 4, 51, 72, 20, 0, 0.22%, 0, 3, 4, 3119.66
1613498357, 4, 67, 74, 20, 0, 0.22%, 0, 3, 4, 3167.00
1613498362, 4, 71, 75, 20, 0, 0.22%, 0, 3, 4, 3089.50
1613498367, 4, 71, 79, 24, 0, 0.22%, 0, 3, 4, 3128.75
1613498373, 4, 71, 82, 27, 0, 0.22%, 0, 3, 4, 3042.42
1613498378, 4, 74, 85, 29, 0, 0.22%, 0, 3, 5, 3073.92
1613498388, 4, 82, 85, 28, 0, 0.22%, 0, 3, 5, 3111.28
1613498393, 4, 83, 85, 27, 0, 0.22%, 0, 3, 5, 3023.94
1613498403, 5, 43, 85, 25, 0, 0.22%, 0, 3, 5, 3076.57
1613498408, 5, 63, 85, 24, 0, 0.22%, 0, 3, 5, 3061.67
1613498413, 5, 73, 86, 24, 0, 0.22%, 0, 3, 5, 3114.11
1613498418, 5, 80, 89, 26, 0, 0.22%, 0, 3, 5, 2917.09
1613498423, 5, 80, 91, 28, 0, 0.22%, 0, 3, 5, 2934.61
1613498428, 5, 80, 94, 31, 0, 0.22%, 0, 3, 5, 2937.68
1613498433, 5, 93, 94, 30, 0, 0.22%, 0, 3, 5, 2856.37
1613498443, 6, 21, 94, 28, 0, 0.22%, 0, 3, 5, 3072.18
1613498448, 6, 44, 94, 26, 0, 0.22%, 0, 3, 5, 3142.10
1613498453, 6, 72, 94, 25, 0, 0.22%, 0, 3, 5, 3093.69
1613498458, 6, 78, 94, 24, 0, 0.22%, 0, 3, 5, 2931.09
1613498469, 6, 85, 94, 23, 0, 0.22%, 0, 3, 5, 3001.06
1613498474, 6, 86, 94, 22, 0, 0.22%, 0, 3, 5, 3030.61
1613498484, 6, 91, 94, 21, 0, 0.22%, 0, 3, 5, 2917.22
1613498494, 7, 20, 94, 20, 0, 0.22%, 0, 3, 5, 3008.20
1613498499, 7, 75, 94, 19, 0, 0.22%, 0, 3, 5, 2998.22
1613498509, 7, 77, 94, 18, 0, 0.22%, 0, 3, 5, 2848.86
1613498519, 7, 82, 94, 17, 0, 0.22%, 0, 3, 5, 2970.65
1613498524, 7, 90, 94, 17, 0, 0.22%, 0, 3, 5, 2893.80
1613498534, 8, 8, 94, 16, 0, 0.22%, 0, 3, 5, 2998.52
1613498540, 8, 70, 94, 16, 0, 0.22%, 0, 3, 5, 3051.59
1613498545, 8, 76, 94, 15, 0, 0.22%, 0, 3, 5, 2979.06
1613498555, 8, 81, 94, 14, 0, 0.22%, 0, 3, 5, 2848.19
1613498570, 9, 46, 94, 13, 0, 0.22%, 0, 4, 5, 3049.94
1613498575, 9, 62, 94, 13, 0, 0.22%, 0, 4, 5, 3066.90
1613498580, 9, 69, 94, 12, 0, 0.22%, 0, 4, 5, 3072.93
1613498590, 9, 87, 94, 11, 0, 0.22%, 0, 4, 5, 2866.78
1613498600, 9, 89, 94, 10, 0, 0.22%, 0, 4, 5, 2893.96
1613498616, 10, 25, 94, 9, 0, 0.22%, 0, 4, 5, 3000.03
1613498621, 10, 33, 94, 8, 0, 0.22%, 0, 4, 5, 3071.83
1613498626, 10, 70, 94, 7, 0, 0.22%, 0, 4, 5, 3042.53
1613498631, 10, 84, 94, 7, 0, 0.22%, 0, 4, 5, 3065.15
1613498636, 11, 2, 94, 6, 0, 0.22%, 0, 4, 5, 3012.72
1613498641, 12, 8, 94, 6, 0, 0.22%, 0, 4, 5, 2991.81
1613498646, 12, 42, 94, 6, 0, 0.22%, 0, 4, 5, 3085.56
1613498651, 12, 79, 94, 5, 0, 0.22%, 0, 4, 5, 2867.72
1613498661, 13, 8, 94, 4, 0, 0.22%, 0, 4, 5, 2994.39
1613498667, 13, 77, 94, 4, 0, 0.22%, 0, 4, 5, 2936.41
1613498672, 14, 27, 94, 3, 0, 0.22%, 0, 4, 5, 3063.51
1613498677, 14, 83, 94, 3, 0, 0.22%, 0, 4, 5, 3013.37
1613498682, 15, 53, 94, 3, 0, 0.22%, 0, 4, 5, 3014.73
1613498687, 15, 88, 94, 3, 0, 0.22%, 0, 4, 5, 2861.44
1613498697, 15, 93, 94, 2, 0, 0.22%, 0, 4, 5, 2978.61
1613498702, 16, 62, 94, 2, 0, 0.22%, 0, 4, 5, 2903.25
1613498707, 16, 92, 94, 2, 0, 0.22%, 0, 4, 5, 2751.94
1613498722, 17, 48, 94, 1, 0, 0.22%, 0, 4, 5, 2979.10
1613498728, 18, 49, 94, 1, 0, 0.22%, 0, 4, 5, 2999.79
1613498733, 18, 66, 94, 1, 0, 0.22%, 0, 4, 5, 3042.29
1613498738, 19, 48, 94, 0, 0, 0.22%, 0, 4, 5, 3042.54
1613498743, 20, 53, 94, 0, 0, 0.22%, 0, 4, 5, 3033.39
1613498748, 21, 49, 94, 0, 0, 0.22%, 0, 4, 5, 3007.98
1613498753, 22, 46, 94, 0, 0, 0.22%, 0, 4, 5, 2998.23
1613498758, 23, 29, 94, 0, 0, 0.22%, 0, 4, 5, 2985.34
1613498764, 24, 34, 94, 0, 0, 0.22%, 0, 4, 5, 3008.42
1613498769, 25, 15, 94, 0, 0, 0.22%, 0, 4, 5, 2993.83
1613498774, 26, 17, 94, 0, 0, 0.22%, 0, 4, 5, 3010.69
1613498779, 27, 10, 94, 0, 0, 0.22%, 0, 4, 5, 3008.72
1613498784, 28, 10, 94, 0, 0, 0.22%, 0, 4, 5, 3000.83
1613498789, 28, 89, 94, 0, 0, 0.22%, 0, 4, 5, 3015.74
1613498795, 29, 29, 94, 0, 0, 0.22%, 0, 4, 5, 2872.22
1613498800, 29, 92, 94, 0, 0, 0.22%, 0, 4, 5, 2977.70
1613498805, 31, 3, 94, 0, 0, 0.22%, 0, 4, 5, 2988.32
1613498810, 31, 58, 94, 0, 0, 0.22%, 0, 5, 5, 40.54
1613498815, 32, 39, 97, 3, 0, 0.22%, 0, 5, 5, 2765.08
1613498820, 32, 96, 99, 5, 0, 0.22%, 0, 5, 5, 2821.01
1613498826, 32, 96, 100, 6, 0, 0.22%, 0, 5, 6, 2901.94
1613498841, 32, 96, 102, 8, 0, 0.22%, 0, 5, 6, 2805.11
1613498851, 32, 99, 102, 7, 0, 0.22%, 0, 5, 6, 2849.82
1613498877, 33, 66, 102, 6, 0, 0.22%, 0, 5, 6, 2849.36
1613498882, 33, 97, 103, 7, 0, 0.22%, 0, 5, 6, 2947.31
1613498892, 34, 84, 103, 6, 0, 0.22%, 0, 5, 6, 3017.88
1613498897, 34, 95, 106, 9, 0, 0.22%, 0, 5, 6, 2990.62
1613498902, 34, 95, 109, 12, 0, 0.22%, 0, 5, 6, 2999.14
1613498912, 34, 101, 110, 12, 0, 0.22%, 0, 5, 6, 2509.37
1613498943, 35, 15, 110, 11, 0, 0.22%, 0, 5, 6, 2837.61
1613498948, 35, 86, 111, 12, 0, 0.22%, 0, 5, 6, 2881.77
1613498953, 35, 105, 111, 12, 0, 0.22%, 0, 5, 6, 2872.47
1613498963, 35, 105, 112, 13, 0, 0.22%, 0, 5, 6, 2919.32
1613498973, 35, 109, 112, 12, 0, 0.22%, 0, 5, 6, 2762.55
1613499014, 35, 109, 115, 15, 0, 0.22%, 0, 5, 6, 2690.03
1613499024, 36, 15, 115, 14, 0, 0.22%, 0, 5, 6, 2840.08
1613499029, 36, 98, 115, 14, 0, 0.22%, 0, 5, 6, 2845.91
1613499055, 36, 107, 115, 13, 0, 0.22%, 0, 5, 6, 2787.53
1613499085, 36, 107, 116, 14, 0, 0.22%, 0, 5, 6, 2746.68
1613499090, 36, 112, 116, 13, 0, 0.22%, 0, 5, 6, 2619.71
1613499116, 36, 114, 116, 12, 0, 0.22%, 0, 5, 6, 2683.21
1613499121, 36, 114, 117, 13, 0, 0.22%, 0, 5, 7, 1379.04
1613499304, 36, 114, 118, 14, 0, 0.22%, 0, 5, 7, 1042.46
1613500324, 36, 114, 120, 16, 0, 0.22%, 0, 5, 7, 1007.40
1613500339, 37, 15, 120, 15, 0, 0.22%, 0, 5, 7, 1789.79
1613500344, 37, 88, 120, 15, 0, 0.22%, 0, 5, 7, 2627.05
1613500349, 37, 94, 120, 15, 0, 0.22%, 0, 5, 7, 2672.75
1613500369, 37, 106, 120, 14, 0, 0.22%, 0, 5, 7, 2833.96
1613500385, 37, 108, 120, 13, 0, 0.22%, 0, 5, 7, 2654.69
1613500420, 37, 115, 120, 12, 0, 0.22%, 0, 5, 7, 2603.72
1613500456, 37, 117, 120, 11, 0, 0.22%, 0, 5, 7, 351.18
1613501733, 37, 117, 121, 12, 0, 0.22%, 0, 5, 8, 585.85
1613501738, 37, 119, 121, 11, 0, 0.22%, 0, 5, 8, 525.91
